0.999695,0.0251303
0.999299,0.0376915
0.998757,0.0502458
0.998064,0.0627921
0.997199,0.075328
0.996187,0.0878533
0.995029,0.100365
0.993702,0.11286
0.992223,0.125339
0.990597,0.137796
0.988814,0.150232
0.986869,0.162646
0.984778,0.175035
0.982542,0.187397
0.980135,0.199729
0.977581,0.212029
0.974883,0.224296
0.972031,0.23653
0.969018,0.248728
0.965861,0.260889
0.96256,0.273001
0.959103,0.285078
0.955491,0.297114
0.951737,0.309095
0.94784,0.321027
0.943792,0.332913
0.939589,0.344748
0.935246,0.35653
0.930761,0.368256
0.926136,0.379925
0.921355,0.391534
0.916432,0.403082
0.91137,0.414567
0.90617,0.425988
0.900832,0.437344
0.89535,0.448633
0.889723,0.459853
0.88396,0.471001
0.878063,0.482071
0.872032,0.49307
0.865867,0.503982
0.85957,0.51483
0.853136,0.525583
0.846564,0.536273
0.839863,0.546883
0.833033,0.557386
0.826075,0.567815
0.818989,0.578167
0.811778,0.588419
0.804441,0.598572
0.796981,0.60864
0.789397,0.61862
0.781691,0.628511
0.773864,0.638286
0.765918,0.647964
0.757854,0.657546
0.749672,0.66703
0.741375,0.676413
0.732963,0.685694
0.724439,0.69487
0.715805,0.70393
0.70706,0.71288
0.698208,0.721723
0.689251,0.730455
0.68019,0.739075
0.671011,0.747583
0.66173,0.755976
0.652349,0.764253
0.642872,0.772413
0.633301,0.780455
0.623638,0.788376
0.613863,0.796177
0.603992,0.803856
0.594037,0.811413
0.583999,0.818845
0.573867,0.826152
0.563632,0.833333
0.553323,0.840388
0.542944,0.847316
0.532453,0.854109
0.52189,0.860768
0.511268,0.867297
0.500539,0.873694
0.489744,0.87996
0.478875,0.886093
0.467935,0.892093
0.456925,0.897959
0.445847,0.903686
0.434696,0.909267
0.423479,0.914712
0.412198,0.920021
0.400856,0.925193
0.389452,0.930228
0.37799,0.935116
0.366471,0.939856
0.354897,0.944457
0.343271,0.948918
0.331588,0.953241
0.319853,0.957412
0.308071,0.961433
0.296246,0.965313
0.284382,0.969052
0.272461,0.972649
0.260503,0.976082
0.248519,0.979374
0.236488,0.982523
0.224421,0.985529
0.212318,0.988372
0.200184,0.991069
0.18802,0.993622
0.175828,0.996032
0.163609,0.998276
0.151364,1.0004
0.139096,1.0023
0.126812,1.00411
0.114505,1.00578
0.102181,1.00725
0.089843,1.00862
0.07749,1.00981
0.0651249,1.01084
0.0527515,1.01176
0.0403699,1.01248
0.0279819,1.01307
0.01559,1.01354
0.00319571,1.01379
-0.00919891,1.01393
-0.0215927,1.01393
-0.033983,1.01374
-0.0463675,1.01344
-0.0587455,1.01297
-0.0711153,1.01233
-0.0834734,1.0116
-0.0958197,1.01064
-0.108152,1.00957
-0.120467,1.00838
-0.132768,1.00697
-0.145046,1.00546
-0.157301,1.00379
-0.169534,1.00195
-0.181743,1.00001
-0.193924,0.997901
-0.206077,0.995634
-0.218199,0.993214
-0.230288,0.990653
-0.242343,0.98795
-0.25436,0.985101
-0.266341,0.982094
-0.27828,0.978947
-0.290186,0.975659
-0.302047,0.972232
-0.313856,0.968655
-0.325623,0.964929
-0.337344,0.961065
-0.349017,0.957063
-0.360639,0.952923
-0.372202,0.948643
-0.383711,0.944211
-0.395165,0.939644
-0.406561,0.934941
-0.417898,0.930103
-0.429174,0.925131
-0.440387,0.920025
-0.451535,0.914777
-0.462614,0.909391
-0.473625,0.903874
-0.484568,0.898225
-0.495442,0.892447
-0.50624,0.886538
-0.516969,0.880501
-0.527609,0.874335
-0.538195,0.868042
-0.548685,0.861622
-0.559092,0.855076
-0.569435,0.848405
-0.579687,0.841606
-0.589841,0.834685
-0.599923,0.827642
-0.609928,0.82048
-0.619822,0.813198
-0.629628,0.805798
-0.639351,0.798281
-0.648987,0.790649
-0.658524,0.7829
-0.667952,0.775034
-0.677288,0.767055
-0.68653,0.758965
-0.695677,0.750765
-0.704725,0.742456
-0.713665,0.734041
-0.722494,0.72552
-0.73122,0.716896
-0.739842,0.708171
-0.748358,0.699346
-0.756767,0.690405
-0.765067,0.681364
-0.773257,0.672228
-0.781335,0.663
-0.7893,0.653681
-0.79715,0.644264
-0.804885,0.634739
-0.812503,0.625131
-0.820003,0.615441
-0.827384,0.605666
-0.834645,0.595779
-0.841786,0.585818
-0.848804,0.575788
-0.8557,0.565655
-0.862472,0.555439
-0.86912,0.545163
-0.875642,0.534791
-0.882039,0.52434
-0.888308,0.513839
-0.89445,0.503229
-0.900464,0.492576
-0.90635,0.481836
-0.912105,0.471028
-0.917731,0.460153
-0.923226,0.449213
-0.928577,0.438208
-0.933796,0.42714
-0.938883,0.416011
-0.943836,0.404821
-0.948656,0.393573
-0.953341,0.382268
-0.957892,0.370908
-0.962296,0.359496
-0.96656,0.348033
-0.970688,0.336523
-0.974679,0.32496
-0.978533,0.313346
-0.98225,0.301691
-0.985815,0.29
-0.989238,0.278258
-0.992523,0.266475
-0.995669,0.254666
-0.998676,0.242805
-1.00154,0.230918
-1.00424,0.218995
-1.00685,0.207042
-1.00924,0.195059
-1.01153,0.183049
-1.01367,0.17101
-1.01564,0.158947
-1.01752,0.146862
-1.01919,0.134761
-1.02074,0.122632
-1.02217,0.11049
-1.0234,0.0983318
-1.02454,0.0861589
-1.02549,0.0739734
-1.0263,0.0617793
-1.02702,0.0495754
-1.0275,0.0373639
-1.02789,0.0251467
-1.02813,0.0129272
-1.02819,0.00070514
-1.02816,-0.0115171
-1.02792,-0.0237368
-1.02756,-0.0359549
-1.02708,-0.0481664
-1.02639,-0.0603715
-1.02561,-0.072567
-1.02466,-0.0847543
-1.02355,-0.0969286
-1.02236,-0.109088
-1.02093,-0.121232
-1.0194,-0.133362
-1.01773,-0.145466
-1.01588,-0.157554
-1.01395,-0.169621
-1.0118,-0.181661
-1.00954,-0.193674
-1.00716,-0.20566
-1.00458,-0.217617
-1.00191,-0.229543
-0.999052,-0.241437
-0.996069,-0.253298
-0.992938,-0.265114
-0.989669,-0.276904
-0.986262,-0.288646
-0.982716,-0.300345
-0.979027,-0.312006
-0.975188,-0.323627
-0.971212,-0.335191
-0.9671,-0.346708
-0.962852,-0.358178
-0.958468,-0.369597
-0.953944,-0.380964
-0.949274,-0.392276
-0.94447,-0.403532
-0.939533,-0.414728
-0.934462,-0.425865
-0.929259,-0.43694
-0.923923,-0.447952
-0.918456,-0.458899
-0.91285,-0.469781
-0.90711,-0.480596
-0.901241,-0.491344
-0.895243,-0.502011
-0.889116,-0.512621
-0.882863,-0.523136
-0.876482,-0.533602
-0.869976,-0.543973
-0.863344,-0.554264
-0.856589,-0.564494
-0.849709,-0.574627
-0.842707,-0.584672
-0.835583,-0.594648
-0.828338,-0.604542
-0.820973,-0.614324
-0.813489,-0.624028
-0.805887,-0.633652
-0.798169,-0.643189
-0.790335,-0.652609
-0.782386,-0.661942
-0.774325,-0.671185
-0.766152,-0.680336
-0.757869,-0.689392
-0.749476,-0.698332
-0.740977,-0.707172
-0.732371,-0.715912
-0.723662,-0.724551
-0.714841,-0.733087
-0.70591,-0.741517
-0.696879,-0.749841
-0.687749,-0.758056
-0.678524,-0.766161
-0.669205,-0.774148
-0.659787,-0.782023
-0.650257,-0.789785
-0.640638,-0.797433
-0.630933,-0.804965
-0.621145,-0.81238
-0.611251,-0.819677
-0.601263,-0.826855
-0.591199,-0.833913
-0.581062,-0.84085
-0.57081,-0.847664
-0.560485,-0.854355
-0.550097,-0.860923
-0.539606,-0.867363
-0.529039,-0.873672
-0.518417,-0.879853
-0.507688,-0.885906
-0.496909,-0.89183
-0.486045,-0.897625
-0.475111,-0.903289
-0.464109,-0.908822
-0.45304,-0.914223
-0.441905,-0.919493
-0.430705,-0.924625
-0.419441,-0.929613
-0.408113,-0.934467
-0.396727,-0.939186
-0.385283,-0.943769
-0.37378,-0.948217
-0.362221,-0.952528
-0.350609,-0.956686
-0.338946,-0.960704
-0.327235,-0.964584
-0.315478,-0.968326
-0.303676,-0.971929
-0.291818,-0.97538
-0.279923,-0.978683
-0.267995,-0.981847
-0.256015,-0.98487
-0.24401,-0.987753
-0.23196,-0.990472
-0.219877,-0.99305
-0.207761,-0.995486
-0.195615,-0.997781
-0.183439,-0.999916
-0.171236,-1.00188
-0.159009,-1.00375
-0.146761,-1.00542
-0.134483,-1.00696
-0.122191,-1.00839
-0.109879,-1.0096
-0.097551,-1.01071
-0.0852089,-1.01166
-0.0728553,-1.01243
-0.0604874,-1.0131
-0.0481126,-1.01358
-0.03573,-1.01391
-0.0233428,-1.01414
-0.0109518,-1.01414
0.00144087,-1.01403
0.0138334,-1.01379
0.026224,-1.01334
0.0386094,-1.01279
0.0509903,-1.01207
0.0633633,-1.01118
0.0757281,-1.01019
0.0880812,-1.009
0.10042,-1.00766
0.112744,-1.00623
0.12505,-1.00456
0.137336,-1.00279
0.149605,-1.00088
0.161853,-0.998788
0.174072,-0.996564
0.186266,-0.994189
0.198432,-0.991653
0.210569,-0.988974
0.222675,-0.986153
0.234747,-0.98318
0.246782,-0.98005
0.25877,-0.976777
0.270734,-0.973362
0.282655,-0.969802
0.294526,-0.966082
0.306358,-0.96222
0.318147,-0.958218
0.329889,-0.954075
0.341571,-0.94978
0.353205,-0.945337
0.364786,-0.940755
0.376312,-0.936034
0.387782,-0.931175
0.399192,-0.926168
0.410543,-0.921015
0.421831,-0.915726
0.433056,-0.9103
0.444215,-0.904738
0.455308,-0.899041
0.466326,-0.893203
0.477274,-0.887222
0.488151,-0.881109
0.498957,-0.874863
0.509691,-0.868485
0.52033,-0.861975
0.530909,-0.855336
0.541399,-0.848566
0.551795,-0.841668
0.562121,-0.834639
0.572372,-0.827478
0.582505,-0.82019
0.59256,-0.812778
0.602533,-0.805242
0.61242,-0.797583
0.622195,-0.789802
0.631875,-0.781901
0.641464,-0.77388
0.650959,-0.76574
0.660357,-0.757484
0.669655,-0.749111
0.678835,-0.740624
0.687914,-0.732024
0.696889,-0.723313
0.705759,-0.714491
0.714521,-0.70555
0.723174,-0.696502
0.731716,-0.687346
0.740146,-0.678087
0.748461,-0.668724
0.756661,-0.659261
0.764744,-0.6497
0.772709,-0.640044
0.780554,-0.630269
0.788279,-0.6204
0.795881,-0.610441
0.803361,-0.600394
0.810716,-0.590261
0.817946,-0.580012
0.825051,-0.569681
0.832028,-0.559273
0.838877,-0.548783
0.845598,-0.538183
0.852189,-0.527515
0.858649,-0.516783
0.864977,-0.505935
0.871161,-0.495046
0.877212,-0.484059
0.883129,-0.472999
0.888911,-0.461869
0.894558,-0.450665
0.900069,-0.439388
0.905436,-0.428044
0.910656,-0.416634
0.915738,-0.405161
0.920682,-0.393624
0.925486,-0.382026
0.930147,-0.370369
0.934651,-0.358655
0.939016,-0.346885
0.943238,-0.335062
0.94732,-0.323188
0.951243,-0.311267
0.955018,-0.299287
0.95865,-0.287263
0.96214,-0.275198
0.965469,-0.263099
0.968647,-0.25094
0.971681,-0.238752
0.97457,-0.226525
0.977292,-0.214264
0.979867,-0.20197
0.982296,-0.189645
0.984572,-0.17729
0.986684,-0.164907
0.98865,-0.1525
0.99047,-0.140071
0.992121,-0.127614
0.993621,-0.115142
0.994975,-0.10265
0.99617,-0.0901428
0.997203,-0.0776216
0.998089,-0.0650897
0.998824,-0.0525452
0.999388,-0.0399933
0.999805,-0.0274355
1.00007,-0.0148733
1.00017,-0.00230864
1.00016,0.0102566
0.999922,0.0228195
0.999559,0.0353801
0.999038,0.0479343
0.998369,0.0604811
0.997545,0.0730167
0.996555,0.0855434
0.995418,0.0980564
0.994134,0.110554
0.992677,0.123034
0.991073,0.135494
0.989323,0.147934
0.987411,0.160352
0.985342,0.172745
0.983127,0.185111
0.980765,0.197448
0.978233,0.209753
0.975556,0.222025
0.972735,0.234263
0.969758,0.246466
0.966623,0.258632
0.963344,0.270754
0.959922,0.28284
0.956343,0.29488
0.95261,0.306866
0.948736,0.318809
0.944719,0.330705
0.940553,0.34255
0.936231,0.354342
0.931769,0.366079
0.927167,0.377758
0.922425,0.389377
0.917531,0.400936
0.912491,0.412432
0.907314,0.423863
0.901999,0.435229
0.896548,0.446528
0.890958,0.45776
0.885218,0.468923
0.879344,0.48001
0.873335,0.491019
0.867194,0.501952
0.860919,0.5128
0.854513,0.523576
0.847975,0.534288
0.841305,0.544897
0.834498,0.555422
0.827563,0.565873
0.8205,0.576245
0.813312,0.5865
0.805999,0.596674
0.798561,0.606765
0.791001,0.616768
0.783318,0.626662
0.775515,0.636455
0.767592,0.646155
0.759551,0.65576
0.751393,0.665267
0.743119,0.674673
0.734731,0.683971
0.726231,0.693155
0.71762,0.702235
0.708899,0.711208
0.700071,0.720073
0.69113,0.728828
0.682077,0.737472
0.672921,0.746002
0.663664,0.754418
0.654307,0.762718
0.644854,0.770901
0.635306,0.778966
0.62565,0.786911
0.615892,0.794735
0.606046,0.802437
0.596114,0.810017
0.5861,0.817472
0.575968,0.824803
0.565757,0.832008
0.555472,0.839086
0.545101,0.846037
0.534627,0.852859
0.524088,0.859553
0.513479,0.866112
0.502761,0.872534
0.491988,0.878823
0.481134,0.88498
0.470206,0.891003
0.459209,0.896894
0.448143,0.902649
0.43701,0.90827
0.42581,0.913741
0.414543,0.919074
0.403213,0.92427
0.391822,0.929329
0.380372,0.93425
0.368865,0.939029
0.357302,0.943654
0.345681,0.94814
0.334007,0.952486
0.322284,0.956693
0.310515,0.960751
0.298703,0.964656
0.286841,0.968419
0.27493,0.972041
0.262985,0.975521
0.251004,0.978837
0.238982,0.982011
0.226922,0.985041
0.214828,0.98793
0.202702,0.990654
0.190544,0.993233
0.178357,0.995667
0.166142,0.997958
0.153903,1.00009
0.141642,1.00204
0.129363,1.0039
0.117057,1.00557
0.104738,1.00709
0.0924027,1.00851
0.0800529,1.0097
0.0676913,1.01078
0.0553197,1.01173
0.04294,1.01247
0.0305539,1.0131
0.0181631,1.01358
0.00576926,1.01388
-0.00662501,1.01407
-0.0190189,1.01407
-0.0314094,1.01393
-0.043795,1.01368
-0.0561743,1.0132
-0.0685454,1.01262
-0.0809063,1.0119
-0.0932553,1.01098
-0.10559,1.00996
-0.117909,1.00877
-0.130215,1.00741
-0.142493,1.00595
-0.154754,1.00428
-0.166993,1.00249
-0.179208,1.00058
-0.191395,0.998487
-0.203554,0.996258
-0.215681,0.993877
-0.227777,0.991341
-0.239838,0.988664
-0.251868,0.985845
-0.263848,0.982885
-0.275799,0.979764
-0.287717,0.976502
-0.299579,0.973101
-0.3114,0.96956
-0.323179,0.965876
-0.334913,0.962037
-0.346595,0.958061
-0.358221,0.953947
-0.369796,0.949696
-0.381318,0.945308
-0.392784,0.940773
-0.404192,0.936096
-0.415542,0.931284
-0.42683,0.926338
-0.438057,0.921258
-0.449219,0.916045
-0.460317,0.910699
-0.471345,0.905213
-0.482301,0.899591
-0.493188,0.893839
-0.504012,0.887957
-0.514741,0.881946
-0.525406,0.875807
-0.536016,0.869541
-0.546508,0.863148
-0.556941,0.856629
-0.567309,0.849985
-0.577561,0.843217
-0.587742,0.836325
-0.597849,0.829312
-0.607863,0.822177
-0.617775,0.814922
-0.627607,0.807548
-0.637355,0.800056
-0.647011,0.792447
-0.656554,0.784723
-0.666009,0.776884
-0.675371,0.768933
-0.68464,0.76087
-0.693812,0.752697
-0.702872,0.744416
-0.711828,0.736029
-0.720683,0.727535
-0.729435,0.718939
-0.738084,0.710237
-0.746627,0.701421
-0.755062,0.692505
-0.763389,0.683492
-0.771606,0.674384
-0.77971,0.665184
-0.787697,0.655885
-0.79557,0.646476
-0.803328,0.63698
-0.81097,0.6274
-0.818496,0.617738
-0.825904,0.607963
-0.833193,0.598105
-0.840362,0.588173
-0.84741,0.57816
-0.854337,0.568039
-0.86114,0.557852
-0.86782,0.5476
-0.874369,0.537234
-0.880793,0.526812
-0.88709,0.516321
-0.89326,0.505731
-0.899301,0.495093
-0.905214,0.484377
-0.910997,0.473588
-0.916651,0.462728
-0.922174,0.451803
-0.927565,0.440813
-0.932825,0.429761
-0.937941,0.418646
-0.942922,0.407472
-0.94777,0.396239
-0.952483,0.38495
-0.957062,0.373606
-0.961506,0.362209
-0.965814,0.350762
-0.96997,0.339258
-0.97399,0.327704
-0.977872,0.316106
-0.981618,0.304468
-0.985226,0.292785
-0.98869,0.281051
-0.992004,0.269284
-0.995178,0.257483
