5.19842,0.130678
5.19644,0.195992
5.19358,0.261274
5.18985,0.326517
5.18534,0.391708
5.18004,0.456835
5.17395,0.521896
5.16707,0.586865
5.15941,0.651743
5.15083,0.716524
5.14143,0.781194
5.13126,0.84574
5.12031,0.910157
5.10858,0.974436
5.09609,1.03857
5.08273,1.1025
5.06852,1.16629
5.05354,1.22991
5.0378,1.29333
5.0213,1.35651
5.00406,1.4195
4.98594,1.48227
4.967,1.5448
4.94731,1.6071
4.9269,1.66915
4.90575,1.73094
4.88382,1.79245
4.861,1.85367
4.83747,1.91461
4.81323,1.97526
4.78829,2.03553
4.76254,2.09562
4.73596,2.15523
4.7087,2.21457
4.68076,2.27361
4.65215,2.33226
4.6226,2.3905
4.59239,2.4484
4.56154,2.50594
4.53007,2.5631
4.49764,2.61985
4.46459,2.67614
4.43094,2.73202
4.39661,2.78749
4.36142,2.84253
4.32565,2.89713
4.28932,2.95127
4.25212,3.00495
4.2143,3.05817
4.17595,3.1109
4.13685,3.16315
4.09704,3.21491
4.05674,3.26616
4.01573,3.31691
3.97415,3.36714
3.93191,3.41686
3.88907,3.46605
3.84556,3.51467
3.80148,3.56273
3.75683,3.61024
3.71162,3.6572
3.66575,3.70361
3.61934,3.74945
3.57237,3.79464
3.52486,3.83927
3.47681,3.88333
3.42823,3.92679
3.37906,3.96958
3.32938,4.01179
3.27918,4.05342
3.22848,4.09443
3.17728,4.13464
3.12558,4.17436
3.0734,4.21346
3.02074,4.25172
2.96762,4.28944
2.91403,4.32662
2.85999,4.36286
2.80552,4.39852
2.75061,4.43361
2.69529,4.46794
2.6395,4.50149
2.5833,4.53443
2.52671,4.56675
2.46975,4.59822
2.41243,4.62896
2.35473,4.65907
2.29659,4.68852
2.23813,4.71713
2.17938,4.74497
2.12025,4.77214
2.06075,4.79863
2.001,4.82438
1.94091,4.84924
1.88051,4.8734
1.81984,4.89686
1.75888,4.91961
1.69766,4.94155
1.63617,4.96263
1.57443,4.983
1.51244,5.00264
1.45021,5.02155
1.38776,5.03967
1.32509,5.05688
1.26221,5.07336
1.19915,5.0891
1.13592,5.10408
1.0725,5.11831
1.00889,5.13166
0.945155,5.14418
0.881275,5.15594
0.817248,5.16694
0.753098,5.17718
0.688837,5.18664
0.624464,5.19523
0.559986,5.20297
0.495432,5.20995
0.4308,5.21615
0.366104,5.22158
0.301352,5.22623
0.236555,5.23005
0.17172,5.23297
0.106865,5.23512
0.0419854,5.23649
-0.0228986,5.23709
-0.0877798,5.23691
-0.152644,5.23596
-0.217488,5.23405
-0.282293,5.23137
-0.347063,5.22791
-0.411777,5.22368
-0.476426,5.21868
-0.541017,5.21291
-0.605509,5.20624
-0.669905,5.19875
-0.734204,5.19049
-0.798391,5.18147
-0.862457,5.1717
-0.926393,5.16116
-0.990193,5.14972
-1.05385,5.13748
-1.1173,5.12448
-1.18062,5.11075
-1.24376,5.09627
-1.30671,5.08101
-1.36943,5.06484
-1.43195,5.04794
-1.49426,5.03031
-1.55635,5.01196
-1.61819,4.99288
-1.67979,4.97286
-1.74114,4.95213
-1.80223,4.9307
-1.86303,4.90857
-1.92354,4.88568
-1.98376,4.86191
-2.04373,4.83746
-2.10333,4.81233
-2.16259,4.78655
-2.22159,4.75984
-2.28024,4.73245
-2.33847,4.70441
-2.39639,4.67573
-2.45398,4.64617
-2.5112,4.61592
-2.56796,4.58506
-2.62436,4.55359
-2.68037,4.52117
-2.73599,4.48817
-2.7912,4.4546
-2.84599,4.42027
-2.90035,4.38519
-2.95423,4.34957
-3.00767,4.31333
-3.06065,4.27623
-3.11318,4.23862
-3.16524,4.20048
-3.21682,4.16143
-3.26791,4.12191
-3.31852,4.08186
-3.36862,4.04094
-3.4182,3.99961
-3.46725,3.95759
-3.51577,3.91498
-3.56377,3.8718
-3.61124,3.82805
-3.65817,3.7837
-3.70456,3.73875
-3.75039,3.69325
-3.7956,3.64721
-3.84025,3.60062
-3.88435,3.5535
-3.92787,3.50582
-3.97078,3.45759
-4.01306,3.40884
-4.05489,3.35959
-4.0959,3.30983
-4.13634,3.25957
-4.17632,3.20882
-4.21542,3.15759
-4.25399,3.10588
-4.29205,3.05371
-4.32925,3.00107
-4.36585,2.94798
-4.40193,2.89446
-4.43721,2.8405
-4.47179,2.78613
-4.50581,2.73129
-4.53919,2.67604
-4.57169,2.62039
-4.6036,2.56435
-4.63491,2.50796
-4.66543,2.45122
-4.69518,2.394
-4.72431,2.33645
-4.75281,2.2786
-4.78047,2.22042
-4.80738,2.16181
-4.83363,2.10293
-4.85923,2.04381
-4.88403,1.98423
-4.908,1.92444
-4.9313,1.86435
-4.95393,1.80397
-4.97586,1.74332
-4.99684,1.68241
-5.01712,1.62126
-5.0367,1.55986
-5.05557,1.49822
-5.07369,1.43636
-5.0909,1.37428
-5.10739,1.31201
-5.12315,1.24954
-5.13819,1.18685
-5.1525,1.12399
-5.16585,1.06099
-5.17847,0.997808
-5.19035,0.934476
-5.20149,0.871008
-5.21188,0.80741
-5.22142,0.743691
-5.23011,0.67986
-5.23805,0.615932
-5.24524,0.551916
-5.25168,0.487791
-5.25736,0.423612
-5.26213,0.359366
-5.2661,0.295063
-5.26932,0.230722
-5.27177,0.166344
-5.27347,0.101938
-5.27441,0.0375185
-5.27441,-0.026906
-5.27363,-0.0913267
-5.27209,-0.155735
-5.2698,-0.220118
-5.26674,-0.284469
-5.26293,-0.348782
-5.25816,-0.413035
-5.25264,-0.477227
-5.24636,-0.541362
-5.23933,-0.605387
-5.23154,-0.669335
-5.22296,-0.733186
-5.21347,-0.796925
-5.20324,-0.860542
-5.19226,-0.92403
-5.18054,-0.987382
-5.16808,-1.05059
-5.15473,-1.11362
-5.14058,-1.17652
-5.1257,-1.23922
-5.1101,-1.30172
-5.09377,-1.36403
-5.0766,-1.42615
-5.0586,-1.48805
-5.03989,-1.54972
-5.02047,-1.61117
-5.00034,-1.67236
-4.97936,-1.73331
-4.95759,-1.79399
-4.93513,-1.85441
-4.91199,-1.91456
-4.88815,-1.97441
-4.86337,-2.03402
-4.83794,-2.0932
-4.81184,-2.15215
-4.78509,-2.2108
-4.75744,-2.26902
-4.7291,-2.32695
-4.70013,-2.38458
-4.67054,-2.4418
-4.64002,-2.49862
-4.60886,-2.55509
-4.57711,-2.6112
-4.54469,-2.66693
-4.5114,-2.72225
-4.47754,-2.7771
-4.44312,-2.83156
-4.40783,-2.88559
-4.37191,-2.9392
-4.33547,-2.99236
-4.29828,-3.04508
-4.26037,-3.09733
-4.22197,-3.14912
-4.18287,-3.20043
-4.14304,-3.25126
-4.10276,-3.3016
-4.06176,-3.35144
-4.02009,-3.40077
-3.97789,-3.4496
-3.9351,-3.4979
-3.8917,-3.54569
-3.84768,-3.59294
-3.80311,-3.63961
-3.75798,-3.68573
-3.71229,-3.73131
-3.666,-3.77634
-3.61915,-3.82081
-3.57177,-3.86468
-3.52385,-3.90794
-3.4754,-3.95063
-3.42643,-3.99275
-3.37695,-4.03422
-3.32695,-4.07523
-3.27645,-4.11535
-3.22545,-4.15503
-3.17396,-4.19413
-3.12198,-4.23238
-3.06953,-4.27015
-3.01661,-4.30734
-2.96323,-4.34364
-2.90939,-4.37943
-2.85512,-4.41467
-2.80041,-4.449
-2.74528,-4.48273
-2.68975,-4.51589
-2.63381,-4.54831
-2.5775,-4.57993
-2.52076,-4.61095
-2.4636,-4.64136
-2.40609,-4.67093
-2.34825,-4.69976
-2.29008,-4.72796
-2.23146,-4.75552
-2.17254,-4.78222
-2.11336,-4.80817
-2.05376,-4.83345
-1.99387,-4.85807
-1.93369,-4.88191
-1.87323,-4.90489
-1.81249,-4.92718
-1.75146,-4.94877
-1.69016,-4.96966
-1.6286,-4.98969
-1.56679,-5.00892
-1.50475,-5.02743
-1.44248,-5.04522
-1.38,-5.06228
-1.3173,-5.07849
-1.25438,-5.09387
-1.19127,-5.10851
-1.128,-5.12241
-1.06458,-5.13556
-1.00093,-5.14796
-0.937177,-5.15941
-0.873263,-5.1701
-0.809219,-5.18004
-0.745053,-5.18922
-0.680776,-5.19764
-0.616403,-5.20527
-0.551911,-5.21197
-0.487343,-5.2179
-0.422705,-5.22306
-0.358002,-5.22745
-0.293245,-5.23107
-0.228445,-5.23391
-0.163607,-5.23582
-0.0987516,-5.23694
-0.0338728,-5.23728
0.0310098,-5.23685
0.0958893,-5.23564
0.160746,-5.23365
0.225584,-5.23079
0.290386,-5.22707
0.355146,-5.22258
0.41985,-5.21731
0.484491,-5.21128
0.549063,-5.20446
0.613555,-5.19683
0.677932,-5.1883
0.742211,-5.17899
0.80638,-5.16892
0.870426,-5.15809
0.934341,-5.14649
0.9981,-5.13409
1.06175,-5.12078
1.12517,-5.10671
1.18844,-5.09189
1.25154,-5.07632
1.31445,-5.06001
1.37715,-5.04284
1.43963,-5.02484
1.50188,-5.00609
1.56391,-4.98662
1.6257,-4.96642
1.68724,-4.94544
1.74852,-4.92356
1.80951,-4.90097
1.87023,-4.87768
1.93067,-4.85368
1.99082,-4.82888
2.05062,-4.80324
2.1102,-4.77691
2.16933,-4.7499
2.22817,-4.72223
2.2867,-4.69362
2.34488,-4.66433
2.40262,-4.6344
2.46002,-4.60382
2.51707,-4.57235
2.57374,-4.54019
2.63,-4.50742
2.68581,-4.47404
2.74121,-4.43971
2.79619,-4.40478
2.85075,-4.36929
2.90487,-4.33305
2.95853,-4.29603
3.01174,-4.25847
3.06448,-4.22033
3.11674,-4.18128
3.16852,-4.14173
3.2198,-4.10168
3.27059,-4.06068
3.32086,-4.01921
3.37063,-3.97709
3.41988,-3.93438
3.4686,-3.89109
3.51676,-3.84711
3.56435,-3.80257
3.6114,-3.75745
3.65789,-3.71177
3.70384,-3.66546
3.74922,-3.61858
3.79395,-3.57115
3.83811,-3.52318
3.8817,-3.47466
3.9247,-3.42561
3.96703,-3.37599
4.00878,-3.32584
4.04979,-3.27518
4.09025,-3.22401
4.13022,-3.17234
4.16932,-3.12017
4.20784,-3.06752
4.24583,-3.01439
4.28302,-2.96079
4.31951,-2.90673
4.35545,-2.85222
4.39074,-2.79727
4.42514,-2.74188
4.45896,-2.68608
4.49217,-2.62982
4.5246,-2.57313
4.55624,-2.51606
4.58725,-2.4586
4.61762,-2.40079
4.64719,-2.34262
4.67595,-2.28398
4.70406,-2.22503
4.73149,-2.16577
4.75819,-2.10617
4.78399,-2.04616
4.80909,-1.98597
4.8335,-1.92537
4.8572,-1.86447
4.88008,-1.8033
4.90212,-1.74185
4.92343,-1.68012
4.94401,-1.61812
4.96386,-1.55587
4.98293,-1.49337
5.00109,-1.43065
5.0185,-1.36771
5.03516,-1.30453
5.05107,-1.24114
5.06622,-1.17757
5.08053,-1.11383
5.09396,-1.04993
5.10662,-0.985806
5.11851,-0.921569
5.12963,-0.857175
5.13998,-0.79265
5.14951,-0.728004
5.15812,-0.663245
5.16595,-0.598391
5.173,-0.533422
5.17926,-0.468384
5.18473,-0.403269
5.18941,-0.33809
5.19322,-0.27286
5.19616,-0.207584
5.19831,-0.142277
5.19967,-0.0769473
5.20023,-0.0116047
5.20001,0.0537386
5.19899,0.119074
5.19708,0.184391
5.19432,0.249678
5.19076,0.314929
5.18642,0.380129
5.18129,0.445266
5.17537,0.510343
5.16866,0.575315
5.16103,0.640212
5.15259,0.705012
5.14336,0.769702
5.13336,0.834269
5.12258,0.898705
5.11102,0.963004
5.09863,1.02716
5.08535,1.09113
5.0713,1.15496
5.05649,1.21862
5.04092,1.28204
5.0246,1.34527
5.00743,1.40829
4.98941,1.4711
4.97063,1.53368
4.95112,1.59602
4.93088,1.65811
4.9099,1.71994
4.88797,1.78151
4.86532,1.8428
4.84196,1.90377
4.8179,1.96446
4.7931,2.02483
4.76738,2.08491
4.74097,2.14461
4.71388,2.20403
4.68611,2.26315
4.6575,2.32181
4.62812,2.38013
4.59809,2.43811
4.56742,2.49574
4.53594,2.55296
4.50369,2.60973
4.47081,2.6661
4.43733,2.72207
4.403,2.77763
4.36798,2.83275
4.33238,2.88743
4.29614,2.94166
4.25903,2.99543
4.22138,3.04873
4.18321,3.10155
4.1441,3.15388
4.10447,3.20572
4.06435,3.25707
4.02334,3.3079
3.98193,3.35822
3.93977,3.40802
3.89704,3.45729
3.85369,3.50604
3.8097,3.55423
3.76514,3.60182
3.72001,3.64887
3.67432,3.69537
3.62799,3.7413
3.58111,3.78666
3.53369,3.83138
3.48573,3.87552
3.43723,3.91908
3.3882,3.96203
3.33864,4.00432
3.28853,4.04613
3.23792,4.08714
3.1868,4.12752
3.1352,4.16741
3.0831,4.20651
3.03053,4.24494
2.9775,4.28284
2.924,4.32003
2.87005,4.35643
2.81566,4.39227
2.76083,4.42753
2.70553,4.46186
2.64983,4.49558
2.59371,4.52869
2.53721,4.56112
2.48034,4.59266
2.4231,4.62358
2.36541,4.65385
2.30736,4.68342
2.24899,4.71209
2.19032,4.74011
2.1312,4.76745
2.07178,4.79412
2.01213,4.81987
1.95207,4.8449
1.89173,4.86924
1.8311,4.89287
1.77019,4.91576
1.70901,4.93773
1.64757,4.95899
1.58587,4.97953
1.52393,4.99935
1.46174,5.01842
1.39933,5.03655
1.33671,5.05395
1.27388,5.0706
1.21086,5.08651
1.14768,5.10167
1.08426,5.11597
1.0207,5.12943
0.956982,5.14212
0.893125,5.15406
0.829132,5.16524
0.765009,5.17565
0.700764,5.18518
0.636407,5.19387
0.571953,5.2018
0.507423,5.20895
0.442803,5.21533
0.378119,5.22093
0.31338,5.2257
0.24859,5.22958
0.183761,5.23268
0.11891,5.23501
0.0540353,5.23656
-0.0108466,5.23733
-0.0757274,5.23733
-0.140594,5.23637
-0.205442,5.23464
-0.270253,5.23214
-0.335031,5.22886
-0.399756,5.22481
-0.464415,5.21999
-0.529026,5.21427
-0.593518,5.20772
-0.657934,5.20041
-0.722254,5.19233
-0.786462,5.18349
-0.850549,5.17389
-0.914506,5.1634
-0.978327,5.15209
-1.04201,5.14003
-1.1055,5.12722
-1.16886,5.11366
-1.23204,5.09936
-1.29499,5.0841
-1.35776,5.06811
-1.42032,5.05139
-1.48268,5.03394
-1.5448,5.01577
-1.60669,4.99669
-1.66834,4.97685
-1.72973,4.9563
-1.79086,4.93505
-1.85172,4.9131
-1.9123,4.89021
-1.97257,4.86662
-2.03262,4.84235
-2.09223,4.8174
-2.15157,4.79166
-2.21066,4.76509
-2.26931,4.73788
-2.32763,4.71002
-2.38564,4.68141
-2.44331,4.65196
-2.50053,4.62189
-2.55738,4.59121
-2.61387,4.55974
-2.66997,4.52751
-2.72568,4.49469
-2.78098,4.4613
-2.83581,4.42697
-2.89021,4.39207
-2.94418,4.35663
-2.99771,4.32039
-3.05079,4.28348
-3.1034,4.24605
-3.15555,4.2079
-3.20722,4.16904
-3.2584,4.12971
-3.3091,4.08965
-3.35929,4.04892
-3.40898,4.00777
-3.45816,3.96583
-3.5068,3.92332
-3.55489,3.88023
-3.60245,3.83658
-3.64947,3.79236
-3.69594,3.74755
-3.74187,3.70214
-3.78726,3.65619
-3.832,3.6097
-3.87619,3.56267
-3.9198,3.5151
-3.96285,3.46701
-4.00526,3.41838
-4.04723,3.36922
-4.08828,3.31955
-4.1289,3.26939
-4.16895,3.21873
-4.20817,3.16759
-4.24691,3.11597
-4.28506,3.06389
-4.32235,3.01135
-4.35914,2.95836
-4.39538,2.90492
-4.43068,2.85104
-4.46544,2.7967
-4.49965,2.74194
-4.53303,2.68678
-4.56571,2.63122
-4.5978,2.57529
-4.62927,2.51898
-4.65981,2.46224
-4.68975,2.40512
-4.71906,2.34766
-4.74767,2.2899
-4.7754,2.23173
-4.80249,2.17321
-4.82893,2.11443
-4.85468,2.0553
-4.87951,1.99582
-4.90367,1.93608
-4.92715,1.87606
-4.94996,1.81575
-4.97189,1.75515
-4.99305,1.69429
-5.01352,1.63318
-5.03329,1.57183
-5.05234,1.51024
-5.07046,1.44842
-5.08785,1.3864
-5.10453,1.32417
-5.12048,1.26171
-5.1357,1.19906
-5.15001,1.13625
-5.16354,1.0733
-5.17635,1.01012
-5.18841,0.946832
-5.19974,0.883389
-5.21023,0.819816
-5.21985,0.756122
-5.22873,0.692316
