1.51952,0.0381982
1.51893,0.0572897
1.51809,0.0763729
1.51702,0.0954438
1.51571,0.114499
1.51417,0.133541
1.51238,0.152555
1.51036,0.171547
1.5081,0.190513
1.50561,0.209449
1.50288,0.228353
1.49991,0.247222
1.49671,0.266057
1.49328,0.284837
1.48961,0.303579
1.48571,0.322276
1.48157,0.340923
1.47721,0.359516
1.47261,0.378052
1.46778,0.396527
1.46273,0.414938
1.45744,0.433284
1.45193,0.451564
1.44619,0.469774
1.44023,0.487913
1.43403,0.50596
1.4276,0.523959
1.42095,0.541841
1.41408,0.559651
1.40699,0.577386
1.39968,0.595029
1.39215,0.612561
1.38441,0.630004
1.37645,0.647353
1.36828,0.664604
1.3599,0.681752
1.35131,0.698794
1.34249,0.715722
1.33345,0.732535
1.32421,0.749234
1.31477,0.765818
1.30512,0.782283
1.29528,0.798627
1.28525,0.814847
1.275,0.830934
1.26453,0.84689
1.25387,0.862715
1.24303,0.878407
1.232,0.893963
1.2208,0.909383
1.20935,0.924665
1.19773,0.93979
1.18594,0.95477
1.17397,0.969606
1.16181,0.984298
1.14945,0.998822
1.13692,1.01316
1.12424,1.02739
1.11136,1.04146
1.09829,1.05533
1.08507,1.06907
1.07172,1.08266
1.05813,1.09602
1.0444,1.10924
1.03054,1.12232
1.01648,1.13519
1.00227,1.14787
0.987906,1.1604
0.973399,1.17276
0.958735,1.18492
0.943917,1.19687
0.928957,1.20866
0.913857,1.22027
0.898618,1.2317
0.883228,1.24291
0.867701,1.25392
0.852042,1.26475
0.836251,1.27539
0.820332,1.28585
0.804286,1.2961
0.788115,1.30612
0.771822,1.31594
0.755409,1.32557
0.738878,1.335
0.722232,1.34422
0.705475,1.35324
0.688609,1.36206
0.671638,1.37064
0.654567,1.37901
0.637398,1.38717
0.620112,1.39511
0.602733,1.40285
0.585267,1.41036
0.56772,1.41767
0.550077,1.42475
0.532336,1.43162
0.51453,1.43826
0.496637,1.44469
0.47867,1.45088
0.46063,1.45685
0.442521,1.46259
0.424341,1.4681
0.406093,1.47339
0.387785,1.47845
0.369417,1.48329
0.350994,1.4879
0.332516,1.49228
0.313982,1.49643
0.2954,1.50035
0.276776,1.50403
0.258118,1.50749
0.239403,1.51072
0.220661,1.51371
0.201883,1.51647
0.183075,1.519
0.16424,1.52129
0.145376,1.52336
0.12649,1.52518
0.107587,1.52677
0.0886666,1.52813
0.0697321,1.52926
0.0507881,1.53015
0.031836,1.5308
0.012879,1.53122
-0.00607965,1.53141
-0.0250377,1.53136
-0.0439923,1.53107
-0.0629395,1.53055
-0.0818789,1.5298
-0.100804,1.52881
-0.119714,1.52759
-0.138608,1.52614
-0.157475,1.52445
-0.176321,1.52253
-0.19514,1.52038
-0.213929,1.51799
-0.232687,1.51537
-0.25141,1.51252
-0.270091,1.50943
-0.288738,1.50612
-0.307335,1.50257
-0.325882,1.49879
-0.344381,1.49479
-0.36283,1.49056
-0.381223,1.4861
-0.399558,1.48142
-0.417832,1.47651
-0.436043,1.47138
-0.454188,1.46602
-0.472265,1.46044
-0.490269,1.45464
-0.508183,1.44862
-0.526049,1.44239
-0.543811,1.43593
-0.561494,1.42926
-0.579104,1.42235
-0.596628,1.41522
-0.614041,1.40789
-0.631368,1.40034
-0.648606,1.39258
-0.665748,1.38461
-0.682791,1.37644
-0.699719,1.36807
-0.71654,1.35948
-0.733255,1.35067
-0.74986,1.34165
-0.766351,1.33244
-0.782728,1.32303
-0.798986,1.31342
-0.815122,1.30363
-0.831137,1.29362
-0.847026,1.2834
-0.862787,1.27299
-0.878421,1.26241
-0.893915,1.25164
-0.90927,1.24067
-0.924489,1.22949
-0.939572,1.21814
-0.954517,1.20663
-0.969322,1.19494
-0.983965,1.18302
-0.998464,1.17094
-1.01278,1.1587
-1.02699,1.14631
-1.04105,1.13368
-1.05491,1.12091
-1.06864,1.108
-1.08223,1.09489
-1.09561,1.0816
-1.10884,1.06819
-1.12195,1.0546
-1.13482,1.04083
-1.14754,1.02694
-1.16011,1.01287
-1.17251,0.998638
-1.18469,0.984272
-1.19671,0.969763
-1.20857,0.955104
-1.22026,0.940293
-1.23171,0.925345
-1.243,0.91026
-1.25411,0.895041
-1.26505,0.879687
-1.27578,0.864203
-1.2863,0.848581
-1.29664,0.832831
-1.30679,0.816957
-1.31675,0.800961
-1.32653,0.784846
-1.33607,0.768613
-1.34541,0.752265
-1.35455,0.735807
-1.3635,0.719236
-1.37225,0.70255
-1.3808,0.685758
-1.38915,0.668865
-1.39725,0.651874
-1.40516,0.634791
-1.41285,0.617619
-1.42034,0.600334
-1.42761,0.582961
-1.43468,0.565512
-1.44153,0.547988
-1.44816,0.53035
-1.45458,0.512651
-1.46078,0.494872
-1.46675,0.477021
-1.4725,0.459099
-1.47802,0.44111
-1.48333,0.423054
-1.48842,0.404932
-1.49328,0.38675
-1.49793,0.368511
-1.50234,0.350213
-1.50654,0.331862
-1.51051,0.313462
-1.51425,0.295018
-1.51776,0.276536
-1.52105,0.257999
-1.52411,0.239441
-1.52695,0.220834
-1.52955,0.202196
-1.53193,0.183528
-1.53407,0.164833
-1.53598,0.146116
-1.53766,0.12737
-1.53911,0.10861
-1.54032,0.0898321
-1.54131,0.0710417
-1.54207,0.0522378
-1.54259,0.033428
-1.54288,0.0146134
-1.54295,-0.00420345
-1.54278,-0.0230201
-1.54238,-0.041833
-1.54175,-0.0606395
-1.54089,-0.0794367
-1.5398,-0.0982225
-1.53848,-0.116993
-1.53693,-0.135745
-1.53515,-0.154479
-1.53314,-0.173191
-1.53089,-0.191875
-1.52842,-0.21053
-1.52573,-0.229153
-1.5228,-0.24774
-1.51964,-0.266281
-1.51626,-0.284796
-1.51266,-0.303273
-1.50882,-0.321691
-1.50476,-0.340064
-1.50047,-0.358389
-1.49595,-0.37666
-1.4912,-0.394875
-1.48623,-0.41303
-1.48104,-0.431124
-1.47563,-0.449153
-1.47,-0.467115
-1.46415,-0.48501
-1.45808,-0.502826
-1.45179,-0.520588
-1.44529,-0.538234
-1.43857,-0.555818
-1.43164,-0.573334
-1.42449,-0.590738
-1.41711,-0.608058
-1.40952,-0.625296
-1.40172,-0.642445
-1.39372,-0.659492
-1.38551,-0.67643
-1.3771,-0.69327
-1.36848,-0.710009
-1.35966,-0.726642
-1.35061,-0.743168
-1.34136,-0.759581
-1.33191,-0.775881
-1.32227,-0.792062
-1.31244,-0.808125
-1.30243,-0.824065
-1.29218,-0.839881
-1.28173,-0.855571
-1.27111,-0.871133
-1.26031,-0.886565
-1.24933,-0.901865
-1.23813,-0.917032
-1.22674,-0.932059
-1.21518,-0.946936
-1.20345,-0.961674
-1.19153,-0.976271
-1.17941,-0.990727
-1.16712,-1.00504
-1.15469,-1.01917
-1.14205,-1.03319
-1.12923,-1.04702
-1.11627,-1.06069
-1.10315,-1.07423
-1.08981,-1.08758
-1.07634,-1.10076
-1.06274,-1.11381
-1.04891,-1.12668
-1.03495,-1.13935
-1.02089,-1.15187
-1.00658,-1.16424
-0.992206,-1.1764
-0.977633,-1.18838
-0.962918,-1.20019
-0.948062,-1.21184
-0.933067,-1.22329
-0.917922,-1.23453
-0.902636,-1.24561
-0.887216,-1.25651
-0.871664,-1.26723
-0.85598,-1.27772
-0.840168,-1.28802
-0.824229,-1.29813
-0.808165,-1.30806
-0.791978,-1.3178
-0.77567,-1.32734
-0.759244,-1.33664
-0.742703,-1.34575
-0.726049,-1.35466
-0.709284,-1.36338
-0.692413,-1.37189
-0.67544,-1.38019
-0.658368,-1.38829
-0.6412,-1.39616
-0.623915,-1.40382
-0.606538,-1.41126
-0.589077,-1.41849
-0.571537,-1.42551
-0.553894,-1.43232
-0.536163,-1.43891
-0.518368,-1.44528
-0.500486,-1.45144
-0.482527,-1.45737
-0.464495,-1.46309
-0.446393,-1.46857
-0.428225,-1.47382
-0.409991,-1.47885
-0.391693,-1.48366
-0.373334,-1.48824
-0.354918,-1.49259
-0.336446,-1.49672
-0.317923,-1.50062
-0.299354,-1.50429
-0.280743,-1.50774
-0.262087,-1.51095
-0.243384,-1.51393
-0.22465,-1.51669
-0.205881,-1.51921
-0.187081,-1.5215
-0.168251,-1.52355
-0.149396,-1.52538
-0.130519,-1.52697
-0.111621,-1.52832
-0.0927063,-1.52945
-0.0737779,-1.53034
-0.0548369,-1.53099
-0.0358886,-1.53141
-0.0169344,-1.5316
0.00202199,-1.53155
0.0209778,-1.53127
0.039932,-1.53075
0.0588788,-1.53
0.0778182,-1.52901
0.0967433,-1.52779
0.115655,-1.52633
0.13455,-1.52464
0.15342,-1.52272
0.172268,-1.52056
0.191091,-1.51817
0.209885,-1.51555
0.228646,-1.51269
0.247373,-1.50959
0.266061,-1.50627
0.284716,-1.50271
0.303313,-1.49892
0.321866,-1.4949
0.340373,-1.49065
0.358828,-1.48617
0.377228,-1.48146
0.395569,-1.47653
0.413849,-1.47136
0.432065,-1.46597
0.450214,-1.46036
0.468296,-1.45452
0.486309,-1.44845
0.504236,-1.44217
0.522108,-1.43566
0.53987,-1.42894
0.557557,-1.42199
0.57517,-1.41483
0.592694,-1.40744
0.610107,-1.39982
0.627434,-1.39198
0.64467,-1.38394
0.661808,-1.37568
0.678846,-1.36721
0.695773,-1.35854
0.712587,-1.34966
0.729292,-1.34057
0.745885,-1.33127
0.762365,-1.32175
0.778726,-1.31202
0.794967,-1.3021
0.811086,-1.29198
0.827081,-1.28166
0.842948,-1.27116
0.858678,-1.26043
0.874273,-1.24951
0.889733,-1.23839
0.905058,-1.2271
0.920246,-1.21563
0.935294,-1.20395
0.950188,-1.19206
0.964932,-1.18001
0.979532,-1.16779
0.993987,-1.15539
1.0083,-1.14277
1.02241,-1.12999
1.0364,-1.11705
1.05023,-1.10394
1.06385,-1.09062
1.07734,-1.07716
1.0907,-1.06356
1.10381,-1.04973
1.11678,-1.03576
1.1296,-1.02167
1.14224,-1.00737
1.15466,-0.992955
1.16693,-0.978359
1.17903,-0.963618
1.19095,-0.948725
1.20265,-0.933674
1.21417,-0.918482
1.22551,-0.903152
1.23668,-0.887683
1.24764,-0.872074
1.25839,-0.856319
1.26894,-0.840434
1.27931,-0.824419
1.28948,-0.808276
1.29946,-0.792007
1.30924,-0.775615
1.31878,-0.759101
1.32812,-0.742469
1.33726,-0.725721
1.3462,-0.708861
1.35493,-0.691889
1.36345,-0.674812
1.37176,-0.657632
1.37985,-0.640347
1.38772,-0.622949
1.39537,-0.605458
1.4028,-0.587878
1.41001,-0.570215
1.417,-0.552453
1.42377,-0.534594
1.43032,-0.516666
1.43665,-0.498661
1.44275,-0.48057
1.44863,-0.462407
1.45428,-0.444169
1.45971,-0.425858
1.4649,-0.407482
1.46987,-0.389043
1.47461,-0.370543
1.47911,-0.351986
1.48338,-0.333375
1.48743,-0.314714
1.49123,-0.295998
1.49481,-0.277233
1.49815,-0.258429
1.50125,-0.239583
1.50411,-0.220702
1.50675,-0.201786
1.50914,-0.182837
1.5113,-0.16386
1.51322,-0.144857
1.51491,-0.125833
1.51636,-0.106787
1.51757,-0.0877253
1.51854,-0.0686516
1.51928,-0.0495632
1.51977,-0.0304691
1.52003,-0.0113704
1.52005,0.00772996
1.51984,0.0268294
1.51938,0.045925
1.51869,0.0650133
1.51775,0.0840899
1.51658,0.103154
1.51518,0.122203
1.51353,0.141233
1.51165,0.160242
1.50953,0.179225
1.50717,0.198179
1.50458,0.217101
1.50175,0.235988
1.49869,0.254839
1.49539,0.273654
1.49186,0.29243
1.48809,0.311147
1.48409,0.329819
1.47986,0.348441
1.47539,0.36701
1.4707,0.385521
1.46577,0.403972
1.46062,0.422359
1.45524,0.440681
1.44962,0.458936
1.44379,0.477116
1.43773,0.495218
1.43144,0.513234
1.42493,0.531185
1.4182,0.549066
1.41125,0.566829
1.40408,0.584514
1.39669,0.602117
1.38906,0.61963
1.38122,0.637035
1.37316,0.654335
1.36489,0.671538
1.35641,0.688637
1.34772,0.705631
1.33883,0.722514
1.32973,0.739284
1.32043,0.755938
1.31089,0.772474
1.30115,0.788889
1.29121,0.805179
1.28107,0.821345
1.27075,0.837382
1.26023,0.85329
1.2495,0.869066
1.23856,0.884709
1.22743,0.90021
1.21613,0.915563
1.20465,0.930776
1.19296,0.945849
1.18107,0.96078
1.16901,0.975549
1.15678,0.990167
1.14438,1.00462
1.13176,1.01893
1.11897,1.03306
1.10604,1.04707
1.09293,1.0609
1.07961,1.07454
1.06616,1.08805
1.05257,1.1014
1.03874,1.11453
1.02479,1.1275
1.01071,1.14032
0.996408,1.15296
0.981986,1.16539
0.967404,1.17765
0.952679,1.18975
0.93781,1.20167
0.922791,1.21336
0.907621,1.22487
0.892314,1.23621
0.876871,1.24736
0.861295,1.25833
0.845585,1.26906
0.829745,1.2796
0.813773,1.28996
0.797671,1.30012
0.781446,1.31008
0.765102,1.31985
0.74864,1.32939
0.732063,1.33872
0.715373,1.34785
0.698566,1.35677
0.68165,1.36549
0.664628,1.37399
0.647506,1.38229
0.630286,1.39038
0.612975,1.39825
0.595571,1.40588
0.578053,1.4133
0.560456,1.42051
0.542783,1.42749
0.525021,1.43426
0.507164,1.44081
0.489246,1.44713
0.471248,1.45324
0.453173,1.45912
0.43503,1.46477
0.41682,1.4702
0.398547,1.47541
0.380212,1.48038
0.361818,1.48513
0.343369,1.48965
0.324867,1.49394
0.306318,1.49799
0.287722,1.50181
0.269071,1.5054
0.250387,1.50876
0.231662,1.51189
0.212902,1.51478
0.19411,1.51745
0.175288,1.51988
0.156439,1.52207
0.137569,1.52403
0.118673,1.52576
0.0997598,1.52726
0.0808324,1.52852
0.0618928,1.52954
0.0429433,1.53033
0.0239876,1.53089
0.00502843,1.53121
-0.0139319,1.53129
-0.0328898,1.53115
-0.0518432,1.53076
-0.0707868,1.53014
-0.0897221,1.52929
-0.108643,1.52821
-0.127547,1.52689
-0.146434,1.52533
-0.165298,1.52355
-0.184133,1.52153
-0.202942,1.51928
-0.221721,1.51679
-0.240463,1.51408
-0.259179,1.51113
-0.277838,1.50795
-0.296463,1.50455
-0.315046,1.50091
-0.333583,1.49705
-0.35206,1.49296
-0.370486,1.48864
-0.388856,1.48409
-0.407168,1.47932
-0.425418,1.47431
-0.443605,1.46908
-0.46172,1.46363
-0.479764,1.45795
-0.497738,1.45205
-0.515627,1.44593
-0.533445,1.43959
-0.551199,1.43304
-0.568842,1.42627
-0.586405,1.41928
-0.603889,1.41208
-0.621288,1.40467
-0.638573,1.39704
-0.655763,1.38919
-0.672857,1.38112
-0.689852,1.37285
-0.706744,1.36437
-0.72353,1.35569
-0.740206,1.34682
-0.756768,1.33774
-0.773215,1.32844
-0.789544,1.31893
-0.805751,1.30923
-0.821836,1.29933
-0.837796,1.28925
-0.853628,1.27899
-0.869332,1.2685
-0.884905,1.25781
-0.900345,1.24694
-0.915651,1.2359
-0.930822,1.22469
-0.94585,1.21325
-0.960726,1.20163
-0.97546,1.18984
-0.990053,1.1779
-1.00447,1.16574
-1.01877,1.1534
-1.03288,1.14092
-1.04687,1.12828
-1.0607,1.11541
-1.07434,1.1024
-1.08785,1.08925
-1.1012,1.0759
-1.11434,1.06238
-1.12734,1.04875
-1.1402,1.03492
-1.15284,1.02093
-1.16531,1.00684
-1.17763,0.992532
-1.18979,0.978099
-1.20172,0.963518
-1.21348,0.948796
-1.22507,0.933935
-1.2365,0.918936
-1.24771,0.903789
-1.25872,0.888505
-1.26956,0.873089
-1.28022,0.857543
-1.2907,0.841869
-1.30095,0.826069
-1.311,0.810144
-1.32087,0.794098
-1.33054,0.777932
-1.34002,0.761648
-1.34931,0.74525
-1.35837,0.728741
-1.36722,0.712123
-1.37587,0.6954
-1.38432,0.678575
-1.39256,0.661647
-1.4006,0.644606
-1.40844,0.627472
-1.41606,0.61025
-1.42345,0.592946
-1.43063,0.575541
-1.43759,0.558041
-1.44434,0.540472
-1.45088,0.522829
-1.4572,0.50508
-1.46331,0.487275
-1.46919,0.469393
-1.47486,0.451438
-1.48031,0.433417
-1.48553,0.415331
-1.49054,0.397184
-1.49531,0.378977
-1.49985,0.360713
-1.50417,0.342396
-1.50826,0.32403
-1.51213,0.305612
-1.51577,0.287143
-1.51919,0.268636
-1.52238,0.250099
-1.52534,0.231515
-1.52807,0.212897
