0.389881,0.00980111
0.389732,0.0146997
0.389524,0.0195955
0.389256,0.0244889
0.388929,0.0293786
0.388543,0.0342645
0.388097,0.0391446
0.387592,0.0440182
0.387028,0.0488854
0.386405,0.0537453
0.385723,0.0585971
0.384982,0.0634405
0.384183,0.0682723
0.383325,0.0730956
0.382409,0.0779086
0.381434,0.0827068
0.380402,0.0874931
0.379311,0.0922666
0.378163,0.0970262
0.376958,0.101771
0.375695,0.106501
0.374376,0.111214
0.373,0.115911
0.371567,0.120589
0.370077,0.125249
0.368529,0.129894
0.366925,0.134514
0.365265,0.139114
0.363551,0.143696
0.361781,0.148256
0.359957,0.152789
0.358079,0.157301
0.356148,0.161791
0.354163,0.166257
0.352125,0.170698
0.350036,0.17511
0.34789,0.179496
0.345689,0.183855
0.343436,0.188187
0.341133,0.192491
0.33878,0.196766
0.336377,0.201011
0.333926,0.205227
0.331422,0.209411
0.328863,0.213564
0.326256,0.217685
0.323602,0.221774
0.320903,0.22583
0.318158,0.229849
0.315357,0.233835
0.312509,0.237786
0.309617,0.241702
0.306683,0.245584
0.303703,0.249426
0.300668,0.253241
0.297593,0.256999
0.294479,0.260732
0.29132,0.264427
0.288108,0.268072
0.284861,0.271687
0.281578,0.275263
0.27824,0.278787
0.274864,0.282278
0.271457,0.285734
0.268,0.289131
0.264503,0.292492
0.260978,0.295816
0.257401,0.299094
0.253791,0.302321
0.250155,0.305507
0.246472,0.308654
0.242754,0.311754
0.238999,0.3148
0.235208,0.317803
0.231383,0.320764
0.227524,0.323681
0.223633,0.326542
0.219709,0.329356
0.215753,0.332124
0.211766,0.334846
0.207748,0.337521
0.203699,0.340144
0.19962,0.342713
0.195513,0.345234
0.191377,0.347707
0.187213,0.350132
0.183022,0.352507
0.178805,0.354832
0.174563,0.357098
0.170297,0.359314
0.166005,0.361479
0.161687,0.363594
0.157346,0.365658
0.152986,0.36767
0.148605,0.369629
0.144195,0.371537
0.139769,0.373385
0.135329,0.375181
0.130858,0.376924
0.126375,0.378613
0.121873,0.38025
0.117353,0.381833
0.112817,0.383362
0.108265,0.384838
0.103698,0.386259
0.0991161,0.387626
0.0945204,0.388937
0.0899116,0.39019
0.0852908,0.391389
0.0806565,0.392532
0.0760101,0.393621
0.0713544,0.394655
0.0666904,0.395634
0.0620127,0.396557
0.0573289,0.397426
0.0526369,0.398239
0.0479374,0.398996
0.0432313,0.399699
0.0385193,0.400346
0.0338031,0.400937
0.0290796,0.401473
0.0243535,0.40195
0.0196238,0.402371
0.0148922,0.402736
0.0101579,0.403046
0.00542255,0.403301
0.000685972,0.4035
-0.00405064,0.403644
-0.00878643,0.403732
-0.0135213,0.403766
-0.0182535,0.403744
-0.0229843,0.403667
-0.0277116,0.403536
-0.0324353,0.403349
-0.0371538,0.403108
-0.0418683,0.40281
-0.0465771,0.402455
-0.0512785,0.402045
-0.0559735,0.401581
-0.060661,0.401062
-0.0653405,0.40049
-0.07001,0.399864
-0.0746729,0.399185
-0.0793221,0.398452
-0.0839615,0.397666
-0.0885907,0.396827
-0.0932086,0.395933
-0.097813,0.394982
-0.102403,0.393979
-0.10698,0.392924
-0.111543,0.391816
-0.116092,0.390657
-0.120624,0.389447
-0.125141,0.388187
-0.129641,0.386875
-0.134121,0.385504
-0.138592,0.384083
-0.143032,0.382613
-0.14746,0.381092
-0.151871,0.379523
-0.156254,0.377906
-0.160621,0.376237
-0.16497,0.374512
-0.169292,0.372739
-0.173592,0.370919
-0.177871,0.369053
-0.182128,0.367141
-0.18636,0.365174
-0.190564,0.363157
-0.194745,0.361095
-0.198901,0.358989
-0.203031,0.356839
-0.207136,0.354634
-0.211213,0.352381
-0.215262,0.350087
-0.219284,0.347752
-0.223276,0.345368
-0.22724,0.342932
-0.231173,0.340457
-0.235076,0.337943
-0.238949,0.33538
-0.242791,0.332768
-0.246601,0.33012
-0.250379,0.327436
-0.254134,0.324694
-0.257838,0.321916
-0.261529,0.319104
-0.265165,0.316243
-0.268782,0.313339
-0.272359,0.310403
-0.275899,0.307423
-0.279416,0.304399
-0.282877,0.301346
-0.286317,0.298246
-0.289715,0.295107
-0.293072,0.291943
-0.296406,0.288725
-0.299684,0.285478
-0.302931,0.2822
-0.30615,0.278872
-0.30931,0.275525
-0.312442,0.272127
-0.315541,0.268703
-0.318583,0.265246
-0.321594,0.261748
-0.324572,0.258232
-0.327492,0.254662
-0.330378,0.251083
-0.333228,0.247451
-0.33603,0.243797
-0.338785,0.240112
-0.341505,0.236396
-0.344187,0.23265
-0.34681,0.228875
-0.349395,0.225071
-0.351941,0.221238
-0.354445,0.217378
-0.356892,0.213491
-0.3593,0.209577
-0.361666,0.205637
-0.363991,0.201672
-0.366257,0.197679
-0.368481,0.19366
-0.370663,0.189618
-0.372802,0.185554
-0.374888,0.181469
-0.376924,0.177356
-0.378916,0.173221
-0.380863,0.169067
-0.382766,0.164895
-0.384614,0.160694
-0.386412,0.156477
-0.388165,0.152245
-0.389872,0.147985
-0.391532,0.143713
-0.393141,0.139421
-0.394695,0.13511
-0.396203,0.130789
-0.397663,0.126441
-0.399075,0.122083
-0.40044,0.11771
-0.401751,0.113322
-0.403008,0.10892
-0.404217,0.104505
-0.405377,0.100077
-0.406488,0.0956367
-0.407551,0.0911825
-0.408564,0.0867179
-0.409518,0.0822442
-0.410422,0.0777589
-0.411277,0.0732627
-0.412082,0.0687613
-0.412838,0.0642463
-0.413543,0.0597266
-0.414199,0.0551987
-0.414795,0.0506639
-0.41534,0.0461227
-0.415836,0.0415767
-0.416281,0.0370244
-0.416676,0.0324675
-0.41702,0.0279071
-0.417314,0.0233434
-0.417552,0.0187762
-0.417736,0.0142073
-0.417869,0.00963639
-0.417951,0.00506431
-0.417983,0.00049152
-0.417964,-0.00408129
-0.417895,-0.00865376
-0.417775,-0.0132247
-0.417596,-0.0177944
-0.417365,-0.0223616
-0.417084,-0.026926
-0.416753,-0.0314873
-0.416371,-0.0360458
-0.415939,-0.0405981
-0.415456,-0.0451457
-0.41492,-0.0496885
-0.414327,-0.054225
-0.413684,-0.0587545
-0.412992,-0.0632757
-0.412249,-0.0677907
-0.411457,-0.0722954
-0.410615,-0.0767948
-0.409721,-0.08128
-0.40877,-0.085757
-0.407769,-0.0902249
-0.40672,-0.0946803
-0.405621,-0.0991228
-0.404474,-0.103554
-0.403278,-0.107972
-0.402026,-0.112377
-0.400723,-0.116768
-0.399371,-0.121145
-0.397971,-0.125506
-0.396524,-0.129857
-0.39503,-0.134181
-0.39348,-0.138499
-0.391879,-0.14279
-0.390231,-0.147069
-0.388538,-0.151331
-0.386798,-0.155567
-0.38501,-0.159791
-0.383165,-0.163993
-0.381275,-0.16817
-0.37934,-0.172331
-0.377361,-0.176472
-0.375334,-0.180585
-0.373252,-0.184677
-0.371125,-0.188748
-0.368957,-0.192796
-0.366745,-0.196819
-0.36448,-0.200814
-0.362168,-0.204786
-0.359814,-0.208732
-0.357419,-0.212652
-0.354975,-0.216546
-0.352481,-0.220413
-0.349948,-0.224252
-0.347375,-0.228062
-0.344753,-0.231844
-0.342083,-0.235596
-0.339377,-0.239318
-0.336634,-0.24301
-0.333832,-0.246671
-0.330994,-0.250303
-0.328122,-0.253894
-0.325202,-0.257471
-0.322236,-0.260994
-0.319239,-0.264504
-0.316199,-0.267962
-0.31311,-0.271398
-0.309992,-0.274796
-0.306832,-0.278156
-0.303625,-0.281494
-0.300391,-0.284775
-0.297112,-0.288034
-0.293792,-0.291253
-0.290447,-0.29443
-0.28705,-0.297582
-0.283622,-0.300681
-0.280165,-0.303747
-0.276657,-0.306784
-0.27313,-0.309765
-0.269554,-0.312713
-0.265949,-0.31563
-0.262314,-0.318491
-0.258635,-0.321316
-0.254939,-0.324107
-0.251189,-0.326849
-0.247417,-0.329546
-0.243613,-0.332207
-0.239778,-0.33483
-0.235912,-0.337395
-0.232015,-0.339922
-0.228088,-0.34241
-0.224131,-0.344853
-0.220145,-0.347242
-0.21613,-0.349591
-0.212087,-0.351898
-0.208016,-0.354163
-0.203919,-0.356368
-0.199795,-0.358531
-0.195645,-0.36065
-0.191471,-0.362725
-0.187269,-0.364751
-0.183041,-0.366722
-0.17879,-0.368647
-0.174518,-0.370526
-0.170224,-0.372359
-0.165903,-0.374144
-0.16156,-0.375873
-0.157199,-0.377551
-0.152819,-0.379182
-0.148412,-0.380764
-0.14399,-0.382297
-0.13955,-0.38378
-0.135086,-0.385211
-0.130612,-0.386585
-0.126112,-0.38791
-0.1216,-0.389183
-0.117072,-0.390406
-0.112527,-0.391578
-0.107967,-0.392698
-0.103393,-0.393767
-0.0988042,-0.39478
-0.0942021,-0.395737
-0.0895874,-0.396641
-0.0849614,-0.397493
-0.0803253,-0.398292
-0.0756761,-0.399037
-0.0710164,-0.39973
-0.0663502,-0.400369
-0.0616712,-0.400954
-0.0569859,-0.401485
-0.0522925,-0.401962
-0.0475917,-0.402379
-0.0428844,-0.402742
-0.0381715,-0.403051
-0.0334546,-0.403305
-0.028731,-0.403505
-0.0240045,-0.403649
-0.0192745,-0.403739
-0.0145427,-0.403774
-0.00980822,-0.403753
-0.00507284,-0.403678
-0.000336207,-0.403547
0.00440041,-0.403361
0.00913605,-0.403119
0.0138708,-0.402821
0.0186028,-0.402464
0.0233333,-0.402052
0.0280602,-0.401585
0.0327839,-0.401062
0.0375015,-0.400484
0.0422151,-0.39985
0.0469229,-0.39916
0.0516239,-0.398416
0.0563176,-0.397616
0.061003,-0.39676
0.065682,-0.39585
0.0703479,-0.394884
0.0750068,-0.393863
0.079656,-0.392787
0.0842908,-0.391655
0.0889148,-0.390465
0.0935268,-0.38922
0.0981258,-0.38792
0.102711,-0.386566
0.107281,-0.385158
0.111837,-0.383696
0.116376,-0.38218
0.120899,-0.38061
0.125405,-0.378986
0.129894,-0.377309
0.134364,-0.37558
0.138812,-0.373791
0.143244,-0.371949
0.147655,-0.370055
0.152041,-0.368108
0.156408,-0.366109
0.160755,-0.364059
0.165076,-0.361957
0.169372,-0.359805
0.173644,-0.357599
0.177893,-0.355337
0.182116,-0.353024
0.186313,-0.350662
0.190484,-0.348251
0.194626,-0.345791
0.198739,-0.343283
0.202824,-0.34072
0.206879,-0.338104
0.210904,-0.335442
0.214899,-0.332733
0.218862,-0.329978
0.222792,-0.327176
0.22669,-0.324317
0.230555,-0.321413
0.234387,-0.318465
0.238185,-0.315475
0.241948,-0.312435
0.245677,-0.309343
0.249366,-0.306209
0.253009,-0.303035
0.256633,-0.299817
0.260209,-0.296544
0.263747,-0.293234
0.267257,-0.289886
0.270714,-0.286488
0.274135,-0.283046
0.277524,-0.279568
0.280862,-0.276051
0.284158,-0.272481
0.287418,-0.26888
0.290637,-0.265244
0.293802,-0.261553
0.296929,-0.257834
0.300017,-0.254079
0.303057,-0.250274
0.306045,-0.24644
0.308993,-0.24257
0.311897,-0.23866
0.314759,-0.234716
0.317561,-0.230737
0.320318,-0.226725
0.323031,-0.222678
0.325698,-0.218599
0.328318,-0.214485
0.330881,-0.210339
0.333394,-0.206161
0.335859,-0.201953
0.338274,-0.197714
0.340641,-0.193446
0.342957,-0.189149
0.345222,-0.184824
0.347428,-0.180471
0.349583,-0.17609
0.351686,-0.171681
0.353737,-0.167246
0.355735,-0.162787
0.35768,-0.158304
0.359571,-0.153799
0.361408,-0.149269
0.363191,-0.144712
0.364919,-0.140137
0.366588,-0.135544
0.368202,-0.130924
0.369759,-0.126286
0.371261,-0.12163
0.372707,-0.116956
0.374097,-0.112265
0.37543,-0.107555
0.376705,-0.102829
0.377924,-0.0980877
0.379085,-0.0933316
0.380189,-0.0885616
0.381235,-0.0837784
0.382223,-0.0789807
0.383153,-0.0741712
0.384024,-0.0693515
0.384837,-0.0645233
0.385591,-0.0596804
0.386286,-0.0548314
0.386923,-0.0499737
0.3875,-0.0451083
0.388019,-0.0402357
0.388478,-0.0353566
0.388878,-0.0304728
0.389219,-0.0255841
0.3895,-0.0206917
0.389722,-0.0157966
0.389884,-0.0108986
0.389987,-0.00599927
0.39003,-0.00109865
0.390014,0.00380201
0.389938,0.0087022
0.389803,0.013601
0.389608,0.018497
0.389354,0.023391
0.389041,0.0282814
0.388668,0.0331685
0.388236,0.0380487
0.387744,0.0429237
0.387194,0.0477924
0.386584,0.0526537
0.385916,0.0575071
0.385189,0.062352
0.384403,0.0671869
0.383559,0.0720133
0.382657,0.0768264
0.381696,0.0816277
0.380677,0.0864172
0.379601,0.0911938
0.378466,0.0959567
0.377274,0.100705
0.376023,0.105437
0.374715,0.110154
0.373349,0.114854
0.371927,0.119538
0.370449,0.124202
0.368915,0.128851
0.367325,0.133473
0.365679,0.13808
0.363978,0.142669
0.362222,0.147228
0.360412,0.151768
0.358548,0.156287
0.35663,0.160783
0.35466,0.165254
0.352633,0.169697
0.35055,0.174115
0.348414,0.178508
0.346227,0.182874
0.343989,0.187213
0.3417,0.191523
0.339361,0.195805
0.336972,0.200057
0.334528,0.204279
0.332031,0.20847
0.329486,0.21263
0.326893,0.216758
0.324253,0.220853
0.321568,0.224916
0.318826,0.228946
0.316036,0.232941
0.313202,0.236899
0.310324,0.240822
0.307404,0.244711
0.304424,0.248564
0.301404,0.252381
0.298343,0.256153
0.295243,0.259899
0.292084,0.263595
0.288887,0.267253
0.285654,0.270882
0.282375,0.274458
0.279047,0.277996
0.275686,0.2815
0.272289,0.284957
0.268836,0.288368
0.265353,0.291742
0.261837,0.29508
0.258266,0.298358
0.25467,0.301598
0.251034,0.304799
0.247366,0.307958
0.243655,0.311059
0.23991,0.314119
0.23613,0.317136
0.232313,0.320111
0.228462,0.323032
0.224578,0.325903
0.220661,0.32873
0.216713,0.331512
0.212733,0.334248
0.208722,0.336931
0.204681,0.339561
0.20061,0.342144
0.196509,0.344679
0.192381,0.347166
0.188224,0.349605
0.184041,0.351989
0.179831,0.354319
0.175597,0.356599
0.171335,0.358829
0.167047,0.361009
0.162735,0.363137
0.158403,0.365215
0.154049,0.367241
0.149668,0.369208
0.145267,0.371123
0.140849,0.372985
0.136408,0.374795
0.131945,0.376552
0.12747,0.378256
0.12297,0.379907
0.118455,0.381504
0.113923,0.383048
0.109375,0.384537
0.104812,0.385968
0.100234,0.387344
0.0956423,0.388666
0.0910376,0.389933
0.0864182,0.391146
0.0817865,0.392304
0.0771441,0.393407
0.0724926,0.394455
0.0678286,0.395448
0.0631551,0.396386
0.0584734,0.397269
0.0537835,0.398097
0.0490862,0.398869
0.0443822,0.399584
0.0396726,0.400242
0.0349564,0.400843
0.0302353,0.40139
0.0255104,0.401881
0.0207821,0.402316
0.016051,0.402696
0.0113177,0.403021
0.00658256,0.40329
0.00184659,0.403504
-0.00288965,0.403663
-0.00762553,0.403766
-0.0123604,0.403814
-0.0170929,0.403807
-0.021824,0.403745
-0.0265516,0.403626
-0.0312757,0.403449
-0.0359955,0.403218
-0.0407114,0.402932
-0.0454202,0.402591
-0.0501231,0.402196
-0.0548195,0.401747
-0.0595086,0.401244
-0.0641896,0.400686
-0.0688623,0.400075
-0.0735263,0.399411
-0.0781775,0.398693
-0.0828201,0.397918
-0.0874526,0.397087
-0.092072,0.396204
-0.0966783,0.395268
-0.101272,0.39428
-0.105852,0.393239
-0.110419,0.392147
-0.11497,0.391003
-0.119506,0.389808
-0.124027,0.388556
-0.12853,0.387251
-0.133017,0.385895
-0.137488,0.384489
-0.141935,0.383034
-0.14637,0.381529
-0.150781,0.379975
-0.155171,0.378365
-0.159545,0.376703
-0.163897,0.374993
-0.168223,0.373236
-0.17253,0.371431
-0.176816,0.36958
-0.181078,0.367673
-0.185312,0.365717
-0.189524,0.363715
-0.193712,0.361668
-0.197875,0.359577
-0.202013,0.357431
-0.206124,0.355237
-0.210207,0.353001
-0.214261,0.350722
-0.218289,0.348397
-0.222287,0.346018
-0.226258,0.343598
-0.230198,0.341138
-0.23411,0.338634
-0.23799,0.336076
-0.24184,0.33348
-0.24566,0.330848
-0.249447,0.328165
-0.253203,0.325437
-0.256922,0.322674
-0.260617,0.319873
-0.264264,0.317017
-0.267896,0.314128
-0.271472,0.311208
-0.275027,0.308228
-0.278544,0.30522
-0.28202,0.30218
-0.285475,0.299083
-0.288873,0.29596
-0.292246,0.292801
-0.295583,0.289593
-0.298872,0.286362
-0.302135,0.283083
-0.305353,0.279771
-0.308529,0.276434
-0.311675,0.273043
-0.314775,0.269635
-0.317832,0.266178
-0.320857,0.262696
-0.323838,0.259179
-0.326771,0.255625
-0.329672,0.252049
-0.332533,0.248431
-0.335339,0.244784
-0.33811,0.241107
-0.340845,0.237399
-0.343527,0.233661
