30.0909,0.756413
30.079,1.13448
30.0625,1.51238
30.0414,1.89002
30.0158,2.26728
29.9854,2.6443
29.9501,3.0209
29.9102,3.39703
29.8659,3.77261
29.817,4.14762
29.763,4.52201
29.7045,4.89575
29.6415,5.26864
29.574,5.64068
29.5019,6.01186
29.4248,6.38212
29.3433,6.7514
29.2573,7.11966
29.1669,7.48672
29.072,7.85261
28.9722,8.2173
28.868,8.58079
28.7593,8.94315
28.6463,9.30364
28.5289,9.66283
28.407,10.0206
28.2804,10.3769
28.1495,10.7316
28.0143,11.0845
27.8748,11.4356
27.7311,11.785
27.5831,12.1326
27.4307,12.4783
27.2738,12.8221
27.1128,13.1639
26.9475,13.5037
26.7782,13.8413
26.6047,14.1767
26.4271,14.51
26.2454,14.841
26.0596,15.1698
25.8698,15.4963
25.6761,15.8201
25.4783,16.1416
25.2766,16.4609
25.0709,16.7775
24.8614,17.091
24.648,17.4024
24.4307,17.7114
24.2097,18.0167
23.9849,18.3196
23.7564,18.62
23.5242,18.9176
23.2884,19.2116
23.049,19.5029
22.806,19.7914
22.5595,20.077
22.3096,20.3593
22.0563,20.6382
21.7996,20.914
21.5396,21.1867
21.2764,21.4562
21.0094,21.7224
20.7392,21.9854
20.466,22.2448
20.1898,22.5006
19.9106,22.753
19.6283,23.002
19.3424,23.2474
19.0538,23.4893
18.7626,23.7276
18.4688,23.9622
18.1712,24.1932
17.8712,24.4205
17.5688,24.644
17.2636,24.8638
16.9552,25.0797
16.6448,25.2918
16.332,25.5
16.0159,25.7043
15.6979,25.9047
15.3774,26.1011
15.0545,26.2935
14.7294,26.4819
14.402,26.6663
14.0725,26.8467
13.7409,27.023
13.4071,27.1951
13.0712,27.3631
12.7333,27.5267
12.3935,27.6862
12.0519,27.8414
11.7084,27.9925
11.3632,28.1393
11.0161,28.2819
10.6673,28.4203
10.3169,28.5544
9.96502,28.684
9.61174,28.8091
9.25698,28.9298
8.90052,29.0463
8.54292,29.1585
8.18434,29.2663
7.82387,29.3697
7.46261,29.4683
7.10012,29.5625
6.73657,29.6523
6.37201,29.7378
6.00651,29.8188
5.64012,29.8953
5.27292,29.9669
4.9048,30.0342
4.53593,30.097
4.16648,30.1554
3.79633,30.2094
3.42563,30.2584
3.05443,30.3029
2.68277,30.3429
2.31073,30.3786
1.93829,30.4098
1.56558,30.4359
1.19265,30.4576
0.81952,30.4748
0.446272,30.4876
0.0729659,30.4959
-0.300346,30.4993
-0.673617,30.4981
-1.0468,30.4925
-1.41982,30.4824
-1.79262,30.4679
-2.16516,30.4485
-2.53739,30.4245
-2.90925,30.3961
-3.28065,30.3632
-3.65154,30.326
-4.02189,30.284
-4.39177,30.2373
-4.76084,30.1862
-5.12918,30.1308
-5.49681,30.0709
-5.86365,30.0067
-6.22961,29.9376
-6.59463,29.8641
-6.95866,29.7862
-7.32166,29.704
-7.68358,29.6175
-8.0444,29.5267
-8.40403,29.4313
-8.76261,29.3313
-9.11941,29.2271
-9.4751,29.1186
-9.82956,29.0059
-10.1824,28.8889
-10.5336,28.7677
-10.8833,28.6423
-11.2315,28.5125
-11.5781,28.3783
-11.9229,28.24
-12.266,28.0976
-12.6073,27.9511
-12.9466,27.8004
-13.2841,27.6457
-13.6196,27.4869
-13.953,27.3241
-14.2844,27.1573
-14.6137,26.9865
-14.9409,26.8117
-15.2659,26.6329
-15.5888,26.4503
-15.9093,26.2637
-16.2266,26.0733
-16.5429,25.879
-16.8557,25.681
-17.1666,25.4791
-17.4755,25.2735
-17.7807,25.0642
-18.0838,24.8512
-18.3848,24.6346
-18.6823,24.4144
-18.9772,24.1906
-19.2697,23.9633
-19.5596,23.7325
-19.8458,23.4983
-20.1295,23.2606
-20.4104,23.0197
-20.6886,22.7755
-20.9632,22.5275
-21.2347,22.2763
-21.5033,22.0219
-21.7689,21.7643
-22.0315,21.5038
-22.2909,21.2403
-22.5465,20.9732
-22.7989,20.703
-23.0482,20.43
-23.2941,20.1542
-23.5367,19.8757
-23.7759,19.5935
-24.0117,19.3087
-24.244,19.0215
-24.4728,18.7316
-24.6978,18.4383
-24.9193,18.1427
-25.1371,17.8451
-25.3513,17.5437
-25.5619,17.2403
-25.7687,16.9351
-25.9718,16.6261
-26.1712,16.3155
-26.3668,16.0027
-26.5586,15.6873
-26.7465,15.3696
-26.9305,15.0498
-27.1107,14.7278
-27.287,14.4036
-27.4593,14.0773
-27.6277,13.7489
-27.7921,13.4186
-27.9524,13.0863
-28.1085,12.7522
-28.2606,12.4162
-28.4086,12.0785
-28.5526,11.739
-28.6924,11.3976
-28.8281,11.0547
-28.9597,10.7102
-29.0871,10.3642
-29.2103,10.0168
-29.3294,9.66779
-29.4443,9.31729
-29.5547,8.96567
-29.6607,8.61281
-29.7626,8.25833
-29.8602,7.9033
-29.9536,7.54679
-30.0426,7.18911
-30.1275,6.83039
-30.208,6.47072
-30.2838,6.11013
-30.3553,5.74868
-30.4224,5.38628
-30.4853,5.02312
-30.5439,4.6593
-30.5981,4.29496
-30.6478,3.9297
-30.6929,3.56404
-30.7336,3.19785
-30.77,2.83118
-30.802,2.46409
-30.8297,2.09667
-30.8529,1.72894
-30.8713,1.36097
-30.8854,0.99285
-30.8951,0.624535
-30.9004,0.256141
-30.9014,-0.112296
-30.898,-0.480723
-30.8897,-0.849081
-30.877,-1.21726
-30.8601,-1.58532
-30.8387,-1.95314
-30.813,-2.32075
-30.7829,-2.68792
-30.748,-3.05472
-30.7087,-3.4211
-30.6651,-3.787
-30.6171,-4.15237
-30.5648,-4.51709
-30.5082,-4.88128
-30.4469,-5.24463
-30.3811,-5.60721
-30.3111,-5.96904
-30.2367,-6.33
-30.1581,-6.69006
-30.0751,-7.04915
-29.9879,-7.40722
-29.8961,-7.76425
-29.7999,-8.11986
-29.6995,-8.47463
-29.5948,-8.82795
-29.486,-9.18032
-29.3729,-9.53127
-29.2556,-9.88062
-29.1341,-10.2287
-29.0084,-10.5754
-28.8782,-10.9207
-28.744,-11.264
-28.6056,-11.6058
-28.4631,-11.946
-28.3165,-12.2845
-28.1658,-12.6212
-28.0111,-12.9561
-27.8523,-13.2891
-27.6896,-13.6202
-27.5228,-13.9493
-27.352,-14.2764
-27.1773,-14.6014
-26.9986,-14.9244
-26.8161,-15.2452
-26.6296,-15.5638
-26.4393,-15.8799
-26.2451,-16.1935
-26.0471,-16.5056
-25.8453,-16.8146
-25.6398,-17.1212
-25.4305,-17.4261
-25.2176,-17.7275
-25.001,-18.0266
-24.7807,-18.3236
-24.5569,-18.6174
-24.3295,-18.9084
-24.0986,-19.1971
-23.8642,-19.4832
-23.6264,-19.7656
-23.3852,-20.0455
-23.1406,-20.3227
-22.8927,-20.5972
-22.641,-20.8681
-22.3862,-21.136
-22.1281,-21.401
-21.8669,-21.663
-21.6027,-21.922
-21.3355,-22.1776
-21.0647,-22.4296
-20.7907,-22.6786
-20.5139,-22.9242
-20.2343,-23.1666
-19.9521,-23.4057
-19.666,-23.6414
-19.3774,-23.8737
-19.0862,-24.1024
-18.7925,-24.3275
-18.4951,-24.5489
-18.1955,-24.7668
-17.8938,-24.9811
-17.5886,-25.1917
-17.281,-25.3987
-16.9715,-25.6019
-16.6587,-25.8014
-16.3437,-25.9971
-16.0271,-26.189
-15.7073,-26.3771
-15.3855,-26.5612
-15.0613,-26.7415
-14.7348,-26.9179
-14.4061,-27.0903
-14.0754,-27.2588
-13.7426,-27.4233
-13.4077,-27.5837
-13.0709,-27.7399
-12.7322,-27.892
-12.3916,-28.0399
-12.0492,-28.1838
-11.705,-28.3235
-11.359,-28.4591
-11.0115,-28.5905
-10.6624,-28.7178
-10.3114,-28.8408
-9.95898,-28.9596
-9.60515,-29.0739
-9.25007,-29.1838
-8.89339,-29.2895
-8.53531,-29.3908
-8.17628,-29.4879
-7.81577,-29.5807
-7.45414,-29.6691
-7.09144,-29.753
-6.7277,-29.8322
-6.36296,-29.9072
-5.99728,-29.9777
-5.63073,-30.0439
-5.26336,-30.1058
-4.89525,-30.1629
-4.52621,-30.2154
-4.15659,-30.2635
-3.78636,-30.3072
-3.41558,-30.3464
-3.04429,-30.3812
-2.67253,-30.4111
-2.30039,-30.4365
-1.92793,-30.4574
-1.55515,-30.474
-1.18213,-30.4861
-0.808949,-30.4931
-0.435638,-30.4957
-0.062262,-30.4939
0.311121,-30.4876
0.684473,-30.4768
1.0577,-30.4611
1.4308,-30.4408
1.80366,-30.4161
2.17619,-30.3869
2.54849,-30.3533
2.9204,-30.3147
3.29184,-30.2716
3.66276,-30.2241
4.03314,-30.1721
4.40305,-30.1157
4.77212,-30.0544
5.14047,-29.9886
5.5081,-29.9183
5.8749,-29.8436
6.24082,-29.7645
6.60579,-29.6809
6.96975,-29.5924
7.33266,-29.4996
7.69449,-29.4024
8.05519,-29.3009
8.41454,-29.195
8.77292,-29.0846
9.12959,-28.9695
9.48492,-28.8501
9.83897,-28.7264
10.1916,-28.5984
10.5426,-28.4661
10.8918,-28.3295
11.2394,-28.1886
11.5854,-28.0432
11.9296,-27.8935
12.272,-27.7396
12.6126,-27.5816
12.9512,-27.4193
13.2878,-27.253
13.6225,-27.0825
13.955,-26.9078
14.2855,-26.7291
14.6138,-26.5463
14.9397,-26.3594
15.2634,-26.1683
15.5847,-25.9733
15.9038,-25.7743
16.2206,-25.5713
16.5344,-25.3645
16.8463,-25.1538
17.1553,-24.9392
17.4613,-24.7209
17.7651,-24.4987
18.0665,-24.2728
18.3642,-24.0432
18.6594,-23.81
18.9521,-23.573
19.2421,-23.3325
19.5283,-23.0884
19.8118,-22.8405
20.0924,-22.5891
20.3701,-22.3343
20.6447,-22.0761
20.9156,-21.8145
21.1834,-21.5496
21.448,-21.2814
21.7094,-21.0101
21.9675,-20.7354
22.2222,-20.4572
22.4736,-20.1759
22.7215,-19.8917
22.9656,-19.6046
23.2062,-19.3147
23.4433,-19.0209
23.6767,-18.7245
23.9065,-18.4254
24.1326,-18.1239
24.355,-17.8187
24.5737,-17.511
24.7885,-17.201
24.9995,-16.8882
25.2067,-16.5723
25.4099,-16.2544
25.6093,-15.9336
25.8046,-15.6105
25.996,-15.285
26.1834,-14.9573
26.3668,-14.627
26.5458,-14.2944
26.7207,-13.9597
26.8915,-13.6229
27.0582,-13.284
27.2207,-12.943
27.379,-12.6
27.5331,-12.255
27.6829,-11.9081
27.8286,-11.5593
27.9697,-11.2088
28.1063,-10.8564
28.2387,-10.5025
28.3667,-10.1469
28.4904,-9.78979
28.6097,-9.4312
28.7247,-9.07083
28.8348,-8.7092
28.9404,-8.34645
29.0417,-7.9821
29.1386,-7.61657
29.231,-7.2499
29.3187,-6.88214
29.4017,-6.5133
29.4802,-6.14344
29.5542,-5.77261
29.6238,-5.40086
29.6885,-5.02826
29.7485,-4.6549
29.804,-4.28091
29.8549,-3.9061
29.9014,-3.53073
29.9427,-3.15481
29.9795,-2.77842
30.0118,-2.40162
30.0395,-2.02445
30.0624,-1.64694
30.0804,-1.26917
30.0939,-0.891243
30.1029,-0.513131
30.1072,-0.134937
30.1064,0.243274
30.1011,0.621443
30.0912,0.999521
30.0769,1.37741
30.0574,1.75512
30.0333,2.13249
30.0047,2.50963
29.9715,2.88633
29.9336,3.26259
29.8907,3.63834
29.8433,4.0135
29.7915,4.38817
29.7351,4.76201
29.6738,5.1351
29.6078,5.50744
29.5373,5.87893
29.4624,6.24949
29.383,6.61908
29.2986,6.98766
29.2097,7.35516
29.1164,7.72156
29.0186,8.0866
28.9165,8.45073
28.8096,8.81312
28.6982,9.17423
28.5823,9.53408
28.4621,9.89255
28.3376,10.2492
28.2087,10.6043
28.0753,10.9577
27.9374,11.3095
27.7952,11.6596
27.6487,12.0079
27.498,12.3542
27.343,12.6987
27.1839,13.0412
27.0206,13.3817
26.8531,13.7201
26.6812,14.0564
26.5051,14.3906
26.325,14.7224
26.1409,15.0519
25.9527,15.3791
25.7605,15.7041
25.5643,16.0265
25.3642,16.347
25.1601,16.6638
24.9522,16.9788
24.7404,17.2916
24.5248,17.6006
24.3054,17.9073
24.0822,18.2117
23.8553,18.513
23.6248,18.8111
23.3906,19.1065
23.1528,19.3993
22.9115,19.6892
22.6666,19.9753
22.4184,20.2586
22.1666,20.5389
21.9111,20.8162
21.6523,21.0904
21.3902,21.3612
21.1249,21.6284
20.8564,21.8924
20.5849,22.153
20.3102,22.4103
20.0319,22.6642
19.7506,22.9147
19.4664,23.1616
19.1796,23.405
18.8897,23.6448
18.5963,23.881
18.3005,24.1135
18.0022,24.3423
17.7008,24.5673
17.3964,24.7886
17.0898,25.0061
16.7808,25.2197
16.4683,25.4295
16.154,25.6354
15.837,25.8373
15.5176,26.0353
15.196,26.2293
14.8721,26.4193
14.5457,26.6052
14.2171,26.7872
13.8864,26.965
13.5536,27.1388
13.2188,27.3085
12.8819,27.474
12.5431,27.6354
12.2024,27.7926
11.8598,27.9457
11.5154,28.0942
11.1693,28.2384
10.8215,28.3784
10.4721,28.5142
10.1212,28.6457
9.7684,28.7729
9.41424,28.8958
9.05882,29.0143
8.70215,29.1281
8.3437,29.2375
7.98429,29.3427
7.62358,29.4435
7.26176,29.5399
6.89885,29.6319
6.53492,29.719
6.16999,29.8018
5.80411,29.8801
5.43737,29.9541
5.06983,30.0236
4.70161,30.0884
4.33253,30.1485
3.96279,30.2042
3.59252,30.2555
3.2217,30.3024
2.85041,30.3446
2.47867,30.382
2.1066,30.4149
1.73417,30.4434
1.3615,30.4674
0.988606,30.4869
0.615578,30.5014
0.242452,30.5115
-0.130703,30.5172
-0.503837,30.5184
-0.876902,30.5151
-1.24983,30.5068
-1.62257,30.4941
-1.99508,30.4769
-2.3673,30.4553
-2.73919,30.4293
-3.11065,30.3983
-3.48162,30.3629
-3.85206,30.323
-4.22208,30.2787
-4.5912,30.2301
-4.95977,30.1768
-5.32766,30.1187
-5.69477,30.0563
-6.06098,29.9896
-6.42628,29.9184
-6.79064,29.843
-7.15398,29.7629
-7.51621,29.6782
-7.87736,29.5892
-8.23766,29.4959
-8.59624,29.3984
-8.95372,29.2965
-9.31011,29.1903
-9.66488,29.0797
-10.0181,28.9646
-10.37,28.8453
-10.7205,28.7218
-11.0694,28.5941
-11.4166,28.4622
-11.762,28.3262
-12.1057,28.186
-12.4476,28.0417
-12.7878,27.8932
-13.126,27.7405
-13.4624,27.5837
-13.7967,27.4228
-14.1291,27.2579
-14.4594,27.0891
-14.7876,26.9162
-15.1134,26.7394
-15.4371,26.5587
-15.7586,26.3742
-16.0774,26.1857
-16.394,25.9934
-16.7082,25.7974
-17.0208,25.5975
-17.3297,25.3939
-17.6366,25.1866
-17.9415,24.9756
-18.2428,24.761
-18.5417,24.5428
-18.8384,24.3211
-19.1321,24.0958
-19.4226,23.8669
-19.7106,23.6343
-19.996,23.3983
-20.2782,23.159
-20.5572,22.9163
-20.8333,22.6703
-21.1067,22.4211
-21.3771,22.1688
-21.6441,21.9132
-21.9077,21.6539
-22.1683,21.3917
-22.4258,21.1264
-22.6801,20.8583
-22.9312,20.5874
-23.179,20.3127
-23.4231,20.0353
-23.6638,19.7552
-23.9011,19.4725
-24.1349,19.1864
-24.3653,18.8975
-24.5922,18.6063
-24.8155,18.3126
-25.0353,18.0154
-25.2514,17.7161
-25.4639,17.4148
-25.6727,17.1097
-25.8778,16.8029
-26.0791,16.4939
-26.2766,16.1817
-26.4703,15.8681
-26.6602,15.5519
-26.8463,15.2332
-27.0284,14.9123
-27.2067,14.5893
-27.381,14.2643
-27.5513,13.9371
-27.7177,13.608
-27.8801,13.2769
-28.0385,12.9439
-28.1928,12.6089
-28.3431,12.2722
-28.4893,11.9337
-28.6314,11.5936
-28.7695,11.2518
-28.9034,10.9084
-29.0329,10.5632
-29.1582,10.2165
-29.2794,9.86841
-29.3963,9.51909
-29.5091,9.16814
-29.6176,8.81582
-29.722,8.46255
-29.8221,8.10778
-29.9179,7.75217
-30.0092,7.39519
