9.53723,0.239744
9.53342,0.359568
9.52806,0.479338
9.52131,0.599035
9.51319,0.718635
9.50365,0.838122
9.49225,0.957482
9.47947,1.0767
9.46533,1.19572
9.44982,1.31457
9.43265,1.43322
9.41388,1.55164
9.39376,1.66981
9.37229,1.78773
9.3494,1.90537
9.32469,2.02272
9.29866,2.13972
9.2713,2.25645
9.24263,2.37279
9.21212,2.48871
9.18025,2.60427
9.14709,2.71943
9.11266,2.83417
9.07642,2.94847
9.03882,3.0623
8.99997,3.17565
8.9599,3.28849
8.91794,3.40083
8.87474,3.51263
8.83034,3.6239
8.78457,3.73462
8.73709,3.84469
8.68845,3.95418
8.63868,4.06308
8.58718,4.17133
8.53438,4.27905
8.4805,4.38586
8.42518,4.49206
8.36833,4.59765
8.31043,4.70255
8.2513,4.80653
8.19049,4.90982
8.1287,5.01239
8.06576,5.11421
8.00112,5.21525
7.93555,5.31538
7.86861,5.41467
7.80049,5.51313
7.7312,5.61074
7.66069,5.70748
7.58891,5.80334
7.51599,5.89829
7.44193,5.99232
7.36674,6.08541
7.29028,6.17755
7.21271,6.26873
7.13404,6.35892
7.05429,6.44813
6.97345,6.53633
6.89152,6.62352
6.80844,6.70968
6.72431,6.79481
6.63915,6.87889
6.55295,6.96187
6.46575,7.04371
6.37753,7.12447
6.28833,7.20415
6.19815,7.28272
6.107,7.3602
6.0149,7.43647
5.92186,7.51154
5.8279,7.58549
5.73304,7.6583
5.63729,7.72991
5.54067,7.80023
5.44321,7.86939
5.34492,7.93739
5.24574,8.00414
5.14569,8.06943
5.04487,8.1338
4.9433,8.19675
4.84101,8.25827
4.73802,8.31882
4.63409,8.37795
4.52951,8.43558
4.42431,8.49218
4.31845,8.54749
4.21174,8.60112
4.1045,8.65367
3.99672,8.70511
3.88822,8.75471
3.77913,8.80311
3.66942,8.85037
3.55914,8.89615
3.44832,8.94033
3.33697,8.98334
3.2251,9.02514
3.11274,9.06519
2.99989,9.10387
2.88658,9.14132
2.77282,9.17753
2.65864,9.21186
2.54406,9.24491
2.42911,9.27669
2.31372,9.30719
2.19797,9.3358
2.08193,9.3631
1.96553,9.38911
1.84884,9.41381
1.73187,9.4367
1.61464,9.45819
1.49716,9.47835
1.37944,9.49719
1.2615,9.51435
1.14338,9.52996
1.02511,9.54422
0.906628,9.55715
0.788036,9.56859
0.669316,9.57827
0.550483,9.58661
0.431594,9.59359
0.312624,9.59923
0.193594,9.60304
0.0745426,9.60542
-0.0445178,9.60645
-0.163577,9.60614
-0.282607,9.60423
-0.401592,9.60065
-0.520511,9.59573
-0.639363,9.58947
-0.758107,9.58184
-0.876739,9.57233
-0.995235,9.56148
-1.11356,9.5493
-1.23175,9.5358
-1.34975,9.52054
-1.46753,9.5038
-1.58508,9.48575
-1.70239,9.46638
-1.81943,9.4454
-1.93619,9.42284
-2.05266,9.39897
-2.16885,9.37383
-2.28472,9.34713
-2.40014,9.3188
-2.51525,9.28922
-2.62998,9.25838
-2.74433,9.22596
-2.85826,9.19198
-2.97174,9.15678
-3.08475,9.12037
-3.1973,9.08222
-3.30936,9.0427
-3.4209,9.00201
-3.53191,8.96005
-3.64239,8.91629
-3.75233,8.8714
-3.86171,8.82538
-3.97052,8.77769
-4.07853,8.72867
-4.18622,8.67856
-4.29303,8.62706
-4.39926,8.574
-4.50495,8.51991
-4.60985,8.4646
-4.71398,8.4076
-4.81748,8.34963
-4.9203,8.2905
-5.02235,8.22967
-5.12352,8.16794
-5.22396,8.105
-5.32364,8.04049
-5.42253,7.97528
-5.52062,7.90858
-5.61788,7.8406
-5.7142,7.77149
-5.80965,7.70123
-5.90423,7.62982
-5.99793,7.55714
-6.09072,7.48335
-6.1826,7.40846
-6.27353,7.33247
-6.36352,7.25539
-6.45255,7.17714
-6.54061,7.09778
-6.62767,7.01737
-6.71374,6.93591
-6.7988,6.8534
-6.88284,6.76987
-6.9658,6.68531
-7.04768,6.59974
-7.12849,6.51318
-7.20825,6.42562
-7.28692,6.33709
-7.36452,6.2476
-7.44103,6.15716
-7.51637,6.06578
-7.59052,5.97349
-7.66356,5.88029
-7.73548,5.7862
-7.80626,5.69125
-7.87577,5.59544
-7.9441,5.49881
-8.01128,5.40137
-8.07731,5.30314
-8.14216,5.20396
-8.20545,5.10403
-8.26787,5.00336
-8.32891,4.90199
-8.38851,4.79995
-8.44716,4.69696
-8.50438,4.59334
-8.56017,4.48912
-8.61495,4.38422
-8.66836,4.2785
-8.72021,4.17228
-8.77102,4.06547
-8.82061,3.95785
-8.86845,3.84977
-8.9152,3.74113
-8.96083,3.63186
-9.0047,3.52206
-9.0473,3.41174
-9.08876,3.3009
-9.12881,3.18957
-9.1672,3.07776
-9.20441,2.96549
-9.24042,2.85278
-9.27475,2.73964
-9.30766,2.62611
-9.33934,2.51215
-9.3698,2.39778
-9.39841,2.28308
-9.42572,2.16809
-9.45178,2.05269
-9.47658,1.93707
-9.49947,1.8211
-9.5211,1.70486
-9.54145,1.58836
-9.56052,1.47163
-9.57768,1.35467
-9.59356,1.23751
-9.60813,1.12019
-9.62141,1.00265
-9.63286,0.884986
-9.64292,0.767185
-9.65169,0.649278
-9.65914,0.531261
-9.66486,0.413179
-9.66909,0.295025
-9.67201,0.176826
-9.67362,0.0585956
-9.67362,-0.0596377
-9.672,-0.177868
-9.66907,-0.296067
-9.66483,-0.41422
-9.6591,-0.532301
-9.65164,-0.650318
-9.64287,-0.768224
-9.63279,-0.886023
-9.62134,-1.00369
-9.60805,-1.12123
-9.59346,-1.23855
-9.57758,-1.3557
-9.56041,-1.47266
-9.54134,-1.58939
-9.52098,-1.70588
-9.49934,-1.82212
-9.47644,-1.93809
-9.45164,-2.05371
-9.42557,-2.1691
-9.39825,-2.28409
-9.36964,-2.39878
-9.33917,-2.51315
-9.30747,-2.62711
-9.27456,-2.74064
-9.24022,-2.85377
-9.2042,-2.96648
-9.16698,-3.07875
-9.12858,-3.19055
-9.08853,-3.30188
-9.04706,-3.4127
-9.00445,-3.52302
-8.96058,-3.63282
-8.91494,-3.74208
-8.86818,-3.85072
-8.82034,-3.95879
-8.77075,-4.0664
-8.71993,-4.17321
-8.66806,-4.27942
-8.61465,-4.38513
-8.55986,-4.49004
-8.50407,-4.59424
-8.44685,-4.69786
-8.38818,-4.80084
-8.32858,-4.90288
-8.26754,-5.00424
-8.20512,-5.1049
-8.14182,-5.20482
-8.07697,-5.30399
-8.01092,-5.40222
-7.94374,-5.49965
-7.87541,-5.59628
-7.80589,-5.69208
-7.7351,-5.78702
-7.66318,-5.8811
-7.59014,-5.97429
-7.51598,-6.06658
-7.44064,-6.15795
-7.36413,-6.24838
-7.28653,-6.33786
-7.20785,-6.42639
-7.12809,-6.51393
-7.04727,-6.60049
-6.96539,-6.68605
-6.88242,-6.7706
-6.79838,-6.85413
-6.71332,-6.93662
-6.62725,-7.01808
-6.54018,-7.09848
-6.45213,-7.17783
-6.3631,-7.25607
-6.27311,-7.33314
-6.18217,-7.40912
-6.09029,-7.48401
-5.9975,-7.55779
-5.9038,-7.63046
-5.80921,-7.70186
-5.71376,-7.77211
-5.61744,-7.84122
-5.52018,-7.90919
-5.42209,-7.97587
-5.3232,-8.04107
-5.22352,-8.10557
-5.12308,-8.16851
-5.02191,-8.23023
-4.91986,-8.29104
-4.81704,-8.35017
-4.71354,-8.40812
-4.60941,-8.46511
-4.50451,-8.52042
-4.39883,-8.5745
-4.2926,-8.62755
-4.18578,-8.67905
-4.0781,-8.72914
-3.97009,-8.77815
-3.86128,-8.82584
-3.7519,-8.87184
-3.64197,-8.91673
-3.53149,-8.96047
-3.42048,-9.00244
-3.30894,-9.04312
-3.19689,-9.08262
-3.08434,-9.12076
-2.97133,-9.15716
-2.85785,-9.19236
-2.74392,-9.22632
-2.62958,-9.25875
-2.51484,-9.28957
-2.39975,-9.31915
-2.28432,-9.34746
-2.16845,-9.37416
-2.05227,-9.39929
-1.9358,-9.42314
-1.81905,-9.4457
-1.70201,-9.46668
-1.58471,-9.48603
-1.46716,-9.50407
-1.34938,-9.5208
-1.23139,-9.53606
-1.1132,-9.54956
-0.994884,-9.56173
-0.876394,-9.57257
-0.757767,-9.58207
-0.639028,-9.5897
-0.520176,-9.59595
-0.401262,-9.60086
-0.282282,-9.60442
-0.163251,-9.60633
-0.0442009,-9.60664
0.0748546,-9.6056
0.193898,-9.60321
0.312922,-9.59939
0.431891,-9.59375
0.550776,-9.58675
0.669603,-9.57841
0.788318,-9.56872
0.906906,-9.55728
1.02538,-9.54434
1.14364,-9.53007
1.26176,-9.51446
1.37969,-9.49729
1.4974,-9.47844
1.61488,-9.45827
1.73211,-9.43678
1.84907,-9.41389
1.96575,-9.38918
2.08215,-9.36316
2.19818,-9.33584
2.31392,-9.30723
2.42932,-9.27673
2.54426,-9.24494
2.65883,-9.21189
2.77301,-9.17755
2.88676,-9.14134
3.00007,-9.10388
3.11291,-9.06519
3.22526,-9.02514
3.33712,-8.98332
3.44846,-8.94031
3.55928,-8.89612
3.66956,-8.85034
3.77926,-8.80307
3.88834,-8.75466
3.99683,-8.70507
4.10461,-8.65362
4.21184,-8.60106
4.31855,-8.54742
4.42441,-8.49211
4.52959,-8.4355
4.63416,-8.37786
4.73808,-8.31873
4.84108,-8.25817
4.94336,-8.19664
5.04492,-8.1337
5.14574,-8.06931
5.24577,-8.00401
5.34495,-7.93726
5.44323,-7.86925
5.54069,-7.80009
5.6373,-7.72976
5.73304,-7.65814
5.82789,-7.58533
5.92185,-7.51137
6.01488,-7.43629
6.10697,-7.36001
6.19811,-7.28254
6.28829,-7.20395
6.37748,-7.12427
6.46569,-7.04351
6.55289,-6.96166
6.63907,-6.87867
6.72423,-6.79458
6.80835,-6.70945
6.89143,-6.62328
6.97334,-6.53609
7.05417,-6.44788
7.13392,-6.35867
7.21258,-6.26846
7.29014,-6.17728
7.36659,-6.08513
7.44177,-5.99203
7.51582,-5.898
7.58873,-5.80304
7.66051,-5.70718
7.731,-5.61043
7.80028,-5.51281
7.8684,-5.41434
7.93533,-5.31505
8.00088,-5.21491
8.06551,-5.11387
8.12845,-5.01204
8.19023,-4.90946
8.25102,-4.80616
8.31015,-4.70218
8.36803,-4.59727
8.42487,-4.49168
8.48019,-4.38547
8.53406,-4.27866
8.58684,-4.17092
8.63834,-4.06266
8.68809,-3.95376
8.73671,-3.84427
8.78418,-3.73418
8.82995,-3.62346
8.87433,-3.51219
8.91751,-3.40037
8.95947,-3.28803
8.99953,-3.17518
9.03836,-3.06183
9.07594,-2.94799
9.11218,-2.83368
9.1466,-2.71894
9.17973,-2.60377
9.21159,-2.4882
9.2421,-2.37227
9.27075,-2.25592
9.29809,-2.13919
9.32411,-2.02218
9.3488,-1.90482
9.37168,-1.78717
9.39313,-1.66925
9.41323,-1.55107
9.43198,-1.43264
9.44915,-1.31399
9.46463,-1.19513
9.47876,-1.07611
9.49151,-0.956881
9.50289,-0.837516
9.51243,-0.718022
9.52053,-0.598416
9.52725,-0.47872
9.53259,-0.358943
9.53641,-0.239111
9.53846,-0.119245
9.53912,0.000642918
9.53841,0.120531
9.53631,0.240397
9.53249,0.360228
9.5271,0.480003
9.52033,0.5997
9.51219,0.719304
9.50265,0.838796
9.49122,0.95816
9.47841,1.07739
9.46424,1.19641
9.44871,1.31526
9.43154,1.43391
9.41274,1.55234
9.39259,1.67051
9.37109,1.78843
9.3482,1.90607
9.32346,2.02343
9.29739,2.14043
9.27,2.25716
9.24131,2.37351
9.21079,2.48943
9.17888,2.60499
9.14569,2.72015
9.11123,2.83489
9.07499,2.94919
9.03735,3.06302
8.99847,3.17636
8.95836,3.28921
8.9164,3.40154
8.87316,3.51335
8.82873,3.62462
8.78295,3.73533
8.73543,3.8454
8.68676,3.95488
8.63694,4.06378
8.58544,4.17202
8.53261,4.27974
8.47868,4.38655
8.42336,4.49275
8.36646,4.59832
8.30852,4.70323
8.2494,4.8072
8.18854,4.91048
8.1267,5.01304
8.06376,5.11485
7.99907,5.21588
7.93348,5.31602
7.86649,5.41529
7.79834,5.51374
7.72903,5.61134
7.65847,5.70807
7.58666,5.80391
7.51371,5.89885
7.43963,5.99287
7.36438,6.08595
7.28789,6.17808
7.2103,6.26924
7.1316,6.35943
7.05182,6.44862
6.97095,6.53681
6.88897,6.62398
6.80585,6.71013
6.72169,6.79524
6.6365,6.8793
6.55027,6.96224
6.46303,7.04407
6.37479,7.12482
6.28555,7.20447
6.19534,7.28303
6.10415,7.36049
6.01202,7.43672
5.91894,7.51178
5.82495,7.5857
5.73005,7.65849
5.63427,7.73007
5.53761,7.80037
5.44011,7.86951
5.34178,7.93749
5.2426,8.00419
5.14252,8.06944
5.04165,8.13377
4.94004,8.19671
4.83771,8.25819
4.73469,8.31869
4.63074,8.37782
4.52612,8.43541
4.42088,8.49196
4.31502,8.54727
4.20825,8.60085
4.10097,8.65335
3.99317,8.70474
3.88465,8.75433
3.77554,8.80269
3.66578,8.84989
3.55547,8.89567
3.44462,8.9398
3.33324,8.98275
3.22135,9.02449
3.10896,9.06455
2.99608,9.10317
2.88274,9.14056
2.76894,9.17671
2.65473,9.21104
2.54012,9.24402
2.42514,9.27574
2.30974,9.30618
2.19395,9.33479
2.07788,9.36203
1.96145,9.38797
1.84475,9.41261
1.72776,9.4355
1.6105,9.45692
1.49299,9.47701
1.37525,9.49578
1.25729,9.51295
1.13914,9.52848
1.02084,9.54268
0.902344,9.55553
0.783725,9.56698
0.664991,9.57658
0.546139,9.58484
0.427224,9.59175
0.308235,9.59731
0.189195,9.60113
0.070128,9.60343
-0.0489477,9.60438
-0.168017,9.60398
-0.287062,9.60207
-0.406062,9.59842
-0.524998,9.59342
-0.64385,9.58707
-0.762606,9.57938
-0.88125,9.56985
-0.999763,9.55891
-1.11811,9.54664
-1.2363,9.53305
-1.35431,9.51779
-1.47209,9.50096
-1.58964,9.48282
-1.70696,9.46337
-1.82401,9.44239
-1.94077,9.41973
-2.05724,9.39577
-2.17342,9.37053
-2.28929,9.34383
-2.40472,9.31541
-2.51982,9.28573
-2.63455,9.2548
-2.7489,9.22237
-2.86282,9.18829
-2.97629,9.15299
-3.08931,9.11648
-3.20184,9.07833
-3.31389,9.03871
-3.42541,8.99792
-3.53642,8.95596
-3.64689,8.91209
-3.75681,8.86709
-3.86618,8.82096
-3.97497,8.77328
-4.08297,8.72414
-4.19063,8.67393
-4.29744,8.62243
-4.40365,8.56925
-4.5093,8.51505
-4.6142,8.45973
-4.7183,8.40262
-4.82176,8.34453
-4.92455,8.2854
-5.0266,8.22446
-5.12773,8.16261
-5.22814,8.09967
-5.32778,8.03504
-5.42663,7.96975
-5.52468,7.90292
-5.6219,7.83488
-5.71822,7.7657
-5.81363,7.69538
-5.90818,7.62384
-6.00183,7.5511
-6.09458,7.47725
-6.18641,7.40229
-6.2773,7.32623
-6.36725,7.24905
-6.45623,7.1707
-6.54424,7.09127
-6.63126,7.01079
-6.71728,6.92926
-6.80229,6.84669
-6.88627,6.76308
-6.96914,6.67845
-7.05097,6.59281
-7.13174,6.50618
-7.21144,6.41855
-7.29006,6.32995
-7.36761,6.24038
-7.44406,6.14987
-7.51929,6.05841
-7.59339,5.96604
-7.66638,5.87277
-7.73824,5.7786
-7.80895,5.68357
-7.87837,5.58769
-7.94664,5.49097
-8.01376,5.39345
-8.07968,5.29515
-8.14453,5.19596
-8.2077,5.09595
-8.27,4.9952
-8.33103,4.89375
-8.39051,4.79162
-8.44905,4.68863
-8.50627,4.58492
-8.56193,4.48061
-8.61659,4.37571
-8.66999,4.2699
-8.72172,4.16359
-8.7724,4.05678
-8.82199,3.94907
-8.8697,3.84094
-8.91631,3.7322
-8.96182,3.62289
-9.00569,3.51304
-9.04815,3.40267
-9.08947,3.29178
-9.12953,3.1804
-9.16778,3.06854
-9.20484,2.95622
-9.24072,2.84345
-9.27505,2.73026
-9.30782,2.61668
-9.33936,2.50271
-9.36967,2.38829
-9.39828,2.27353
-9.42544,2.15848
-9.45136,2.04308
-9.47601,1.92739
-9.4989,1.81138
-9.52037,1.69511
-9.54057,1.57858
-9.55948,1.46181
-9.57665,1.34482
-9.59237,1.22762
