19.1945,0.4825
19.1868,0.723665
19.1761,0.964707
19.1627,1.20557
19.1464,1.44629
19.1274,1.68677
19.1046,1.92698
19.0791,2.16691
19.0508,2.40648
19.0198,2.6457
18.9855,2.88451
18.948,3.12286
18.9078,3.36071
18.8649,3.59803
18.8192,3.83481
18.7698,4.07091
18.7178,4.30647
18.6632,4.54127
18.6059,4.77545
18.5449,5.00895
18.4812,5.24164
18.415,5.47342
18.3463,5.70438
18.2738,5.93447
18.1987,6.16365
18.1211,6.39187
18.041,6.61911
17.9572,6.84533
17.8709,7.07052
17.7823,7.2945
17.6908,7.51736
17.596,7.7391
17.4989,7.95969
17.3995,8.17912
17.2965,8.39698
17.1911,8.61382
17.0836,8.82935
16.973,9.04317
16.8595,9.25579
16.744,9.46712
16.6257,9.67693
16.5043,9.885
16.3811,10.0917
16.2552,10.2968
16.1262,10.5004
15.9955,10.7025
15.862,10.9027
15.7259,11.1012
15.5875,11.298
15.4468,11.4931
15.3035,11.6865
15.1579,11.878
15.01,12.0677
14.8599,12.2556
14.7074,12.4415
14.5525,12.6256
14.3954,12.8077
14.2362,12.9878
14.0748,13.1659
13.9113,13.342
13.7456,13.5161
13.5777,13.6881
13.4077,13.8581
13.2357,14.0257
13.0616,14.1912
12.8856,14.3546
12.7075,14.5158
12.5276,14.6748
12.3457,14.8316
12.1619,14.986
11.9762,15.138
11.7888,15.2878
11.5995,15.4354
11.4085,15.5806
11.2158,15.7232
11.0212,15.8635
10.8249,16.0015
10.6269,16.1369
10.4274,16.2705
10.2264,16.4004
10.0238,16.5285
9.81974,16.6544
9.61389,16.7768
9.40669,16.8973
9.19821,17.0155
8.9884,17.1302
8.77682,17.2429
8.56414,17.3534
8.35046,17.4602
8.13492,17.5648
7.91869,17.6672
7.70095,17.7664
7.48209,17.8628
7.26212,17.9569
7.04107,18.0485
6.81895,18.1365
6.59573,18.2222
6.37153,18.3055
6.14637,18.3856
5.9203,18.4627
5.69333,18.5375
5.46544,18.6097
5.23672,18.6784
5.00723,18.7444
4.77704,18.8079
4.54623,18.8689
4.31449,18.9261
4.08219,18.9808
3.8493,19.0329
3.61584,19.0825
3.38184,19.1282
3.14732,19.1714
2.91233,19.212
2.67688,19.2501
2.44104,19.2844
2.20487,19.316
1.96833,19.345
1.7315,19.3714
1.49442,19.3943
1.25712,19.4143
1.01965,19.4316
0.782009,19.4463
0.54424,19.4578
0.306391,19.466
0.0685016,19.4717
-0.1694,19.4747
-0.407282,19.4747
-0.645106,19.4713
-0.882825,19.4653
-1.12037,19.4567
-1.35781,19.4452
-1.59503,19.4302
-1.832,19.4125
-2.06868,19.3923
-2.30515,19.3694
-2.54118,19.3428
-2.77684,19.3136
-3.01211,19.2819
-3.24694,19.2476
-3.48129,19.2095
-3.71512,19.1689
-3.94842,19.1258
-4.18116,19.08
-4.41316,19.0306
-4.64465,18.9787
-4.87544,18.9244
-5.10537,18.8672
-5.33461,18.8067
-5.56309,18.7438
-5.79078,18.6785
-6.01761,18.6098
-6.24354,18.5384
-6.46854,18.4647
-6.69259,18.3884
-6.91563,18.3086
-7.13765,18.2266
-7.35862,18.1423
-7.57853,18.0546
-7.79734,17.9644
-8.01504,17.8721
-8.23153,17.7768
-8.44706,17.6786
-8.66081,17.5784
-8.87363,17.4755
-9.08535,17.3695
-9.29523,17.2617
-9.50398,17.151
-9.71154,17.0375
-9.91753,16.9222
-10.1219,16.804
-10.3249,16.6831
-10.5266,16.5607
-10.7267,16.4348
-10.9251,16.3069
-11.1218,16.1772
-11.317,16.044
-11.5106,15.9093
-11.7025,15.7721
-11.8928,15.6325
-12.0813,15.4906
-12.2681,15.3466
-12.4531,15.2004
-12.6362,15.052
-12.8175,14.9014
-12.9969,14.7485
-13.1744,14.5934
-13.3501,14.4363
-13.5238,14.2771
-13.6956,14.1159
-13.8653,13.9526
-14.033,13.7873
-14.1987,13.6201
-14.3623,13.4508
-14.5239,13.2796
-14.6834,13.1064
-14.8407,12.9314
-14.996,12.7545
-15.1491,12.5757
-15.3001,12.3951
-15.4487,12.2128
-15.595,12.0286
-15.7392,11.8428
-15.8811,11.6553
-16.0206,11.4661
-16.1579,11.2754
-16.2926,11.0827
-16.4259,10.8885
-16.5556,10.6928
-16.6835,10.4956
-16.8094,10.297
-16.932,10.0968
-17.0529,9.89497
-17.1712,9.6919
-17.2865,9.48764
-17.4001,9.28165
-17.5108,9.07437
-17.6187,8.86607
-17.7248,8.65626
-17.8278,8.44513
-17.9281,8.23319
-18.0265,8.01957
-18.1219,7.80505
-18.2144,7.58934
-18.3049,7.37256
-18.3926,7.15474
-18.4772,6.9359
-18.5596,6.71607
-18.6397,6.49528
-18.7161,6.27355
-18.7904,6.05094
-18.8624,5.82746
-18.9311,5.60319
-18.997,5.37812
-19.0607,5.15213
-19.1217,4.92545
-19.1793,4.69815
-19.2345,4.47023
-19.2874,4.24145
-19.337,4.01224
-19.3837,3.78238
-19.428,3.55199
-19.47,3.32111
-19.5081,3.08975
-19.5438,2.85798
-19.5771,2.62576
-19.6076,2.39313
-19.6346,2.1602
-19.6592,1.92696
-19.6813,1.69344
-19.7004,1.45968
-19.7163,1.22572
-19.7297,0.991593
-19.7406,0.757311
-19.7482,0.522935
-19.7528,0.288461
-19.755,0.053954
-19.7547,-0.180561
-19.7509,-0.415052
-19.7443,-0.649474
-19.7352,-0.883813
-19.7236,-1.118
-19.7084,-1.35207
-19.6905,-1.58594
-19.6702,-1.81957
-19.6473,-2.05293
-19.6208,-2.28608
-19.5918,-2.51878
-19.5603,-2.75115
-19.526,-2.98316
-19.4883,-3.21474
-19.4482,-3.44585
-19.4058,-3.67647
-19.36,-3.90656
-19.3113,-4.13622
-19.2603,-4.3651
-19.2069,-4.59338
-19.1497,-4.82113
-19.0901,-5.0481
-19.0283,-5.27428
-18.9635,-5.49977
-18.8955,-5.7245
-18.8254,-5.94842
-18.7529,-6.1715
-18.6767,-6.39367
-18.5983,-6.61492
-18.5177,-6.83521
-18.4338,-7.0545
-18.3472,-7.27278
-18.2586,-7.49001
-18.1671,-7.70617
-18.0726,-7.92125
-17.9761,-8.13522
-17.8769,-8.34808
-17.7746,-8.55979
-17.6704,-8.76993
-17.5636,-8.97914
-17.4537,-9.18704
-17.3419,-9.39332
-17.2275,-9.5985
-17.1101,-9.80249
-16.9911,-10.0047
-16.869,-10.2055
-16.7445,-10.405
-16.6184,-10.603
-16.4887,-10.7995
-16.3573,-10.9942
-16.2238,-11.1875
-16.0872,-11.3791
-15.9491,-11.5692
-15.8084,-11.7577
-15.6654,-11.9444
-15.52,-12.1294
-15.3724,-12.3126
-15.2226,-12.4939
-15.0706,-12.6735
-14.9166,-12.8513
-14.7603,-13.0273
-14.6018,-13.2013
-14.4412,-13.3735
-14.2785,-13.5437
-14.1138,-13.712
-13.9471,-13.8783
-13.7783,-14.0426
-13.6075,-14.2049
-13.4348,-14.3651
-13.2601,-14.5231
-13.0835,-14.679
-12.905,-14.8329
-12.7247,-14.9846
-12.5425,-15.1342
-12.3584,-15.2816
-12.1726,-15.4268
-11.9851,-15.5696
-11.7958,-15.7102
-11.6048,-15.8485
-11.4122,-15.9846
-11.2176,-16.1184
-11.0215,-16.2496
-10.8238,-16.3793
-10.6247,-16.5052
-10.424,-16.6296
-10.2218,-16.7517
-10.0179,-16.8706
-9.8126,-16.9877
-9.60604,-17.1022
-9.39814,-17.2138
-9.18846,-17.3235
-8.97767,-17.4303
-8.76585,-17.5344
-8.55223,-17.6365
-8.33757,-17.7356
-8.12204,-17.8319
-7.90466,-17.9261
-7.6865,-18.0177
-7.46719,-18.1059
-7.24673,-18.1921
-7.02522,-18.276
-6.80269,-18.3561
-6.57917,-18.434
-6.35468,-18.5097
-6.12926,-18.5822
-5.90296,-18.6517
-5.6758,-18.7189
-5.44784,-18.7838
-5.21896,-18.8448
-4.98929,-18.9035
-4.75895,-18.9597
-4.528,-19.0131
-4.29626,-19.0631
-4.06385,-19.1107
-3.8309,-19.1558
-3.59741,-19.1977
-3.36338,-19.2365
-3.12884,-19.2727
-2.89382,-19.3064
-2.65836,-19.3369
-2.42252,-19.3643
-2.18637,-19.3891
-1.94983,-19.4113
-1.71301,-19.4304
-1.47596,-19.4462
-1.23869,-19.4594
-1.00123,-19.47
-0.763618,-19.4777
-0.525907,-19.4819
-0.288096,-19.4835
-0.0502496,-19.4825
0.187604,-19.4786
0.425434,-19.4712
0.663187,-19.4611
0.900853,-19.4484
1.13837,-19.4331
1.37573,-19.414
1.61289,-19.3923
1.84981,-19.368
2.08645,-19.341
2.3228,-19.3105
2.55884,-19.2771
2.7944,-19.2411
3.02956,-19.2026
3.26429,-19.1606
3.49854,-19.1157
3.73227,-19.0682
3.9654,-19.0182
4.19809,-18.9648
4.42987,-18.9084
4.66113,-18.8495
4.89176,-18.788
5.1216,-18.7232
5.35058,-18.6555
5.5788,-18.5853
5.8062,-18.5128
6.03273,-18.4365
6.25835,-18.3577
6.48302,-18.2765
6.70671,-18.1925
6.92939,-18.1052
7.15103,-18.0155
7.37161,-17.9235
7.5911,-17.8282
7.80932,-17.7301
8.0265,-17.6299
8.24206,-17.5269
8.45673,-17.4207
8.67035,-17.3123
8.8821,-17.2017
9.09276,-17.0874
9.30223,-16.9711
9.51013,-16.8528
9.71642,-16.7308
9.92137,-16.6068
10.1249,-16.4809
10.327,-16.3512
10.5272,-16.2197
10.7259,-16.0862
10.9229,-15.9491
11.1184,-15.8104
11.3121,-15.669
11.5042,-15.5252
11.6945,-15.3792
11.883,-15.2309
12.0696,-15.0801
12.2545,-14.9269
12.4374,-14.7716
12.6184,-14.614
12.7975,-14.4543
12.9746,-14.2923
13.1498,-14.1279
13.3229,-13.9615
13.4939,-13.7929
13.6629,-13.6222
13.8299,-13.4495
13.9947,-13.2747
14.1574,-13.0979
14.318,-12.919
14.4762,-12.7382
14.6322,-12.5554
14.786,-12.3706
14.9375,-12.184
15.0869,-11.9954
15.2338,-11.805
15.3783,-11.6128
15.5205,-11.4188
15.6603,-11.2231
15.7978,-11.0256
15.9326,-10.8264
16.0656,-10.6257
16.1953,-10.4233
16.3227,-10.2192
16.4482,-10.0134
16.5703,-9.80616
16.6901,-9.59747
16.8079,-9.38744
16.9224,-9.17572
17.0343,-8.9625
17.1442,-8.74809
17.251,-8.53256
17.3548,-8.31514
17.4565,-8.09671
17.5557,-7.87701
17.6513,-7.65614
17.7446,-7.43413
17.8356,-7.21087
17.9233,-6.9865
18.0081,-6.76106
18.0905,-6.53459
18.1705,-6.30711
18.2467,-6.07865
18.3204,-5.84924
18.3916,-5.61894
18.4602,-5.38777
18.525,-5.15579
18.5873,-4.92306
18.647,-4.6894
18.704,-4.45504
18.7574,-4.22008
18.8081,-3.98449
18.8561,-3.74822
18.9014,-3.51138
18.9434,-3.274
18.9822,-3.0361
19.0184,-2.79771
19.0519,-2.55888
19.0824,-2.31965
19.1093,-2.08009
19.1336,-1.84018
19.1551,-1.59999
19.1738,-1.35956
19.1891,-1.11893
19.2013,-0.878106
19.2108,-0.637156
19.2175,-0.396101
19.2213,-0.154988
19.2214,0.0861461
19.2188,0.327267
19.2135,0.568341
19.2054,0.809329
19.1939,1.05019
19.1793,1.2909
19.1619,1.5314
19.1418,1.77166
19.1189,2.01165
19.0922,2.25136
19.0628,2.49073
19.0307,2.72963
18.9959,2.96814
18.9578,3.2062
18.9165,3.44377
18.8725,3.68083
18.8259,3.91725
18.7763,4.15297
18.7232,4.38824
18.6675,4.62285
18.6093,4.85656
18.5482,5.08959
18.4835,5.32188
18.4163,5.55335
18.3466,5.78397
18.2741,6.01367
18.198,6.24244
18.1195,6.47023
18.0385,6.69701
17.9546,6.92275
17.8674,7.14743
17.7778,7.37103
17.6859,7.59352
17.5906,7.81481
17.4926,8.03483
17.3924,8.25388
17.2894,8.47132
17.1831,8.68746
17.0747,8.90249
16.9641,9.11612
16.8498,9.32805
16.7334,9.53872
16.6151,9.74804
16.493,9.95594
16.369,10.1619
16.2431,10.3665
16.1134,10.5695
15.9819,10.7709
15.8478,10.9707
15.7114,11.1688
15.5727,11.3652
15.4314,11.5598
15.2877,11.7525
15.1417,11.9435
14.9935,12.1326
14.8429,12.3199
14.6899,12.5053
14.5347,12.6888
14.3774,12.8704
14.2178,13.05
14.0562,13.2276
13.8923,13.4032
13.7262,13.5766
13.558,13.7479
13.3878,13.9172
13.2155,14.0843
13.0412,14.2493
12.8649,14.4122
12.6866,14.5729
12.5064,14.7314
12.3243,14.8875
12.1403,15.0413
11.9545,15.1929
11.7669,15.3423
11.5774,15.4892
11.3862,15.6337
11.1934,15.7759
10.9988,15.9158
10.8024,16.0533
10.6043,16.188
10.4046,16.3209
10.2035,16.4506
10.0009,16.578
9.79677,16.7035
9.59084,16.8255
9.38358,16.9453
9.17506,17.0631
8.96525,17.1775
8.75365,17.2895
8.54096,17.3993
8.32728,17.5062
8.11175,17.6101
7.89567,17.7119
7.67797,17.8111
7.45914,17.9068
7.23921,18.0003
7.0182,18.0916
6.79614,18.1793
6.57304,18.2644
6.34893,18.3472
6.12387,18.4273
5.89786,18.5039
5.67095,18.5781
5.44318,18.6499
5.2146,18.7185
4.98527,18.7841
4.75526,18.8471
4.52447,18.9077
4.2929,18.9649
4.06083,19.0191
3.82806,19.0708
3.59474,19.12
3.36089,19.1658
3.12655,19.2086
2.89173,19.2489
2.6565,19.2866
2.4209,19.3209
2.18486,19.3522
1.9485,19.3809
1.71188,19.407
1.475,19.4299
1.2379,19.4496
1.00065,19.4667
0.763217,19.4811
0.525663,19.4926
0.288037,19.5006
0.0503686,19.5061
-0.187307,19.509
-0.424959,19.509
-0.662553,19.5054
-0.900042,19.4992
-1.13738,19.4905
-1.37459,19.479
-1.61158,19.4639
-1.84831,19.4461
-2.08483,19.4258
-2.32094,19.4029
-2.55678,19.3763
-2.79225,19.347
-3.02731,19.3153
-3.2619,19.281
-3.496,19.2429
-3.72958,19.2023
-3.96261,19.1592
-4.19522,19.1135
-4.42696,19.0641
-4.65814,19.0123
-4.88873,18.9581
-5.11856,18.9009
-5.34753,18.8405
-5.57577,18.7777
-5.80321,18.7126
-6.02982,18.644
-6.25555,18.5727
-6.48035,18.4992
-6.7042,18.4229
-6.92706,18.3433
-7.14891,18.2615
-7.36973,18.1776
-7.58948,18.0899
-7.80815,18
-8.02571,17.908
-8.24195,17.8126
-8.45738,17.7148
-8.671,17.615
-8.88361,17.512
-9.0952,17.4064
-9.30501,17.299
-9.51359,17.1883
-9.72099,17.0752
-9.92699,16.9604
-10.1312,16.8422
-10.3341,16.7218
-10.5356,16.5997
-10.7357,16.474
-10.9341,16.3466
-11.1308,16.2169
-11.3259,16.0843
-11.5194,15.9501
-11.7113,15.8133
-11.9015,15.6743
-12.0901,15.5327
-12.2768,15.389
-12.4618,15.2431
-12.6449,15.0951
-12.8262,14.9449
-13.0057,14.7926
-13.1833,14.638
-13.359,14.4813
-13.5327,14.3225
-13.7046,14.1616
-13.8745,13.9988
-14.0423,13.8339
-14.2081,13.667
-14.3718,13.4982
-14.5335,13.3275
-14.6931,13.1548
-14.8506,12.9802
-15.006,12.8038
-15.1593,12.6255
-15.3104,12.4454
-15.4593,12.2636
-15.6059,12.08
-15.7502,11.8947
-15.8924,11.7077
-16.0319,11.5189
-16.1692,11.3284
-16.3044,11.1363
-16.4379,10.9427
-16.5679,10.7476
-16.6963,10.551
-16.8222,10.3527
-16.9453,10.1528
-17.0668,9.95168
-17.185,9.74929
-17.301,9.54521
-17.4152,9.33974
-17.5258,9.13319
-17.6344,8.92528
-17.7412,8.71582
-17.8442,8.50546
-17.9452,8.29374
-18.0443,8.0807
-18.1396,7.86664
-18.2329,7.65148
-18.3242,7.43525
-18.4119,7.21795
-18.4972,6.99963
-18.5805,6.78028
-18.6606,6.55996
-18.7379,6.33871
-18.813,6.11652
-18.8855,5.89346
-18.9546,5.66956
-19.0214,5.44487
-19.086,5.21944
