0.719772,0.0180937
0.719487,0.027137
0.719089,0.0361762
0.718576,0.0452094
0.71795,0.0542356
0.717211,0.0632534
0.716357,0.0722607
0.715391,0.0812574
0.714312,0.0902409
0.713119,0.0992096
0.711808,0.108162
0.710384,0.117098
0.708847,0.126015
0.707199,0.134913
0.705438,0.143793
0.703566,0.152644
0.701583,0.161471
0.699489,0.170274
0.697285,0.179051
0.694971,0.187799
0.692547,0.196517
0.690015,0.205204
0.687374,0.213859
0.684625,0.22248
0.681764,0.231066
0.678788,0.239613
0.675706,0.248123
0.672518,0.256593
0.669224,0.265022
0.665826,0.273416
0.662324,0.281761
0.658719,0.290056
0.655011,0.29831
0.651196,0.30652
0.647268,0.314682
0.64324,0.322789
0.639112,0.330843
0.634885,0.338846
0.630561,0.346796
0.626141,0.354691
0.621611,0.36253
0.616977,0.370312
0.612249,0.378035
0.607429,0.385698
0.602518,0.393299
0.597511,0.400839
0.592391,0.408314
0.587184,0.415726
0.58189,0.423072
0.576512,0.430352
0.571028,0.437558
0.565448,0.444695
0.559787,0.451762
0.554048,0.45876
0.548207,0.465688
0.542273,0.472534
0.536264,0.479307
0.530185,0.486007
0.523986,0.49263
0.517718,0.499169
0.511385,0.505614
0.504948,0.511999
0.498433,0.518317
0.491846,0.524518
0.485184,0.530651
0.478436,0.536714
0.471615,0.542675
0.464722,0.548546
0.457757,0.55434
0.450711,0.560057
0.443596,0.56566
0.436412,0.571178
0.429159,0.576613
0.42184,0.581964
0.414452,0.58721
0.406994,0.592356
0.399472,0.597414
0.391887,0.602384
0.38424,0.607262
0.376531,0.61203
0.368763,0.616697
0.360937,0.62127
0.353053,0.625749
0.345114,0.63013
0.33712,0.634415
0.329073,0.638587
0.320967,0.642654
0.312811,0.646621
0.304606,0.650487
0.296355,0.654252
0.28806,0.657914
0.279715,0.661473
0.271319,0.664927
0.262886,0.668265
0.254419,0.671495
0.245895,0.67462
0.237339,0.677638
0.228745,0.680548
0.220115,0.683351
0.211451,0.686046
0.202753,0.688631
0.194022,0.691107
0.18526,0.693473
0.176468,0.695728
0.167647,0.697872
0.158798,0.699899
0.149924,0.701813
0.141027,0.703614
0.13211,0.705304
0.123168,0.706881
0.114207,0.708345
0.105229,0.709697
0.0962339,0.710934
0.0872232,0.712058
0.0781981,0.713068
0.069161,0.713964
0.060114,0.714746
0.0510564,0.715413
0.0419903,0.715966
0.0329169,0.716403
0.0238391,0.716726
0.0147568,0.716935
0.00567247,0.717028
-0.00341268,0.717006
-0.0124973,0.716869
-0.0215801,0.716618
-0.0306594,0.716251
-0.0397345,0.71577
-0.0488023,0.715173
-0.0578623,0.714458
-0.0669111,0.713628
-0.0759519,0.712683
-0.0849805,0.711624
-0.0939948,0.71045
-0.102993,0.709163
-0.111975,0.707761
-0.120939,0.706246
-0.129885,0.704617
-0.138809,0.702876
-0.147712,0.701021
-0.156593,0.699054
-0.165444,0.696975
-0.174269,0.694784
-0.183067,0.692482
-0.191836,0.690069
-0.200574,0.687546
-0.20928,0.684912
-0.217951,0.682169
-0.226586,0.679308
-0.235186,0.676337
-0.243749,0.673258
-0.252276,0.670071
-0.260753,0.666777
-0.269196,0.663377
-0.2776,0.659871
-0.285945,0.65626
-0.294248,0.652545
-0.302507,0.648728
-0.310719,0.644794
-0.318883,0.640754
-0.326989,0.636614
-0.335041,0.632373
-0.343041,0.628033
-0.350986,0.623595
-0.358874,0.61906
-0.366705,0.61441
-0.374477,0.60966
-0.382188,0.604816
-0.389838,0.599878
-0.397425,0.594849
-0.404948,0.589723
-0.412407,0.584484
-0.419796,0.579157
-0.427116,0.573743
-0.434367,0.568244
-0.44155,0.562642
-0.448663,0.556941
-0.455705,0.551159
-0.462666,0.545298
-0.469555,0.539337
-0.476371,0.533281
-0.483109,0.527151
-0.489765,0.520949
-0.496346,0.514631
-0.502826,0.508241
-0.509262,0.501786
-0.51558,0.495227
-0.521829,0.488593
-0.528007,0.481885
-0.534087,0.475102
-0.540072,0.468233
-0.545982,0.461293
-0.551814,0.45428
-0.557536,0.447195
-0.563168,0.440031
-0.568717,0.432797
-0.574182,0.425495
-0.579546,0.418125
-0.584805,0.410688
-0.589976,0.403185
-0.595056,0.395612
-0.600046,0.387976
-0.604933,0.380277
-0.60971,0.372516
-0.614393,0.364696
-0.61898,0.356817
-0.62347,0.34888
-0.627862,0.340888
-0.632153,0.332841
-0.636326,0.324735
-0.640399,0.316576
-0.64437,0.308366
-0.648239,0.300108
-0.652004,0.291804
-0.655665,0.283456
-0.659221,0.275052
-0.66267,0.266604
-0.666008,0.258119
-0.669232,0.249594
-0.672349,0.241024
-0.675357,0.232417
-0.678257,0.223768
-0.681047,0.215084
-0.683727,0.206366
-0.686297,0.197614
-0.688756,0.188831
-0.691103,0.180016
-0.693339,0.171172
-0.695461,0.1623
-0.697471,0.153401
-0.699368,0.144479
-0.701152,0.135535
-0.702821,0.126565
-0.704371,0.117577
-0.705807,0.108569
-0.707129,0.0995436
-0.708336,0.0905017
-0.709428,0.0814448
-0.710406,0.0723744
-0.711267,0.0632928
-0.712014,0.0542005
-0.712644,0.0450996
-0.713159,0.0359914
-0.713558,0.0268776
-0.713841,0.0177592
-0.714009,0.00863824
-0.71406,-0.000484211
-0.713995,-0.00960651
-0.713815,-0.0187272
-0.713518,-0.0278453
-0.713106,-0.0369587
-0.712577,-0.0460661
-0.711933,-0.0551662
-0.711174,-0.0642577
-0.710298,-0.0733377
-0.709308,-0.0824065
-0.708202,-0.0914619
-0.706982,-0.100502
-0.705647,-0.109526
-0.704197,-0.118533
-0.702633,-0.127517
-0.700956,-0.136487
-0.699165,-0.145428
-0.697257,-0.154347
-0.695234,-0.163242
-0.693097,-0.172111
-0.690848,-0.180952
-0.688488,-0.189764
-0.686016,-0.198544
-0.683432,-0.207292
-0.680738,-0.216007
-0.677935,-0.224688
-0.675022,-0.233331
-0.672,-0.241935
-0.66887,-0.250499
-0.665632,-0.259023
-0.662288,-0.267502
-0.658831,-0.275943
-0.655262,-0.284344
-0.651587,-0.292689
-0.647808,-0.300987
-0.643926,-0.309238
-0.639941,-0.317441
-0.635855,-0.325594
-0.631668,-0.333694
-0.627377,-0.341739
-0.622972,-0.349726
-0.618468,-0.357657
-0.613867,-0.365529
-0.609171,-0.373343
-0.60438,-0.381097
-0.599493,-0.38879
-0.594489,-0.396417
-0.589395,-0.403979
-0.58421,-0.411476
-0.578938,-0.418906
-0.573573,-0.42627
-0.568095,-0.433566
-0.562532,-0.440793
-0.556886,-0.447946
-0.55116,-0.455023
-0.545318,-0.462029
-0.539395,-0.468963
-0.533395,-0.475819
-0.527315,-0.482594
-0.521123,-0.489296
-0.51486,-0.495919
-0.508529,-0.502476
-0.502092,-0.508918
-0.495598,-0.515294
-0.48901,-0.521602
-0.482346,-0.527801
-0.475595,-0.533918
-0.468771,-0.539962
-0.461875,-0.545922
-0.454901,-0.551769
-0.447851,-0.557538
-0.440731,-0.563226
-0.433541,-0.568829
-0.426282,-0.574314
-0.418952,-0.579715
-0.411552,-0.585029
-0.404086,-0.590254
-0.396555,-0.59538
-0.38896,-0.600396
-0.381303,-0.60532
-0.373585,-0.610151
-0.365806,-0.614888
-0.357967,-0.619529
-0.350071,-0.624059
-0.342119,-0.628483
-0.334112,-0.63281
-0.326052,-0.637037
-0.317941,-0.641164
-0.309775,-0.64519
-0.301555,-0.649113
-0.293289,-0.652928
-0.284978,-0.656629
-0.276625,-0.660226
-0.268221,-0.663718
-0.259771,-0.667105
-0.251286,-0.670385
-0.242755,-0.673559
-0.234188,-0.676624
-0.225584,-0.679582
-0.216944,-0.68243
-0.208266,-0.685169
-0.199555,-0.687791
-0.190813,-0.690301
-0.18204,-0.6927
-0.173238,-0.694989
-0.164409,-0.697166
-0.155554,-0.699231
-0.146673,-0.701184
-0.137765,-0.703024
-0.128837,-0.704752
-0.119889,-0.706367
-0.110922,-0.707868
-0.101937,-0.709255
-0.0929356,-0.710529
-0.0839194,-0.711688
-0.0748893,-0.712733
-0.0658459,-0.713664
-0.0567952,-0.71448
-0.0477332,-0.715181
-0.0386639,-0.715768
-0.0295884,-0.71624
-0.0205078,-0.716596
-0.0114247,-0.716835
-0.0023389,-0.716957
0.00674708,-0.716965
0.0158319,-0.716857
0.0249142,-0.716635
0.0339918,-0.716297
0.043065,-0.715845
0.0521309,-0.715278
0.0611882,-0.714596
0.0702343,-0.7138
0.0792705,-0.71289
0.0882945,-0.711865
0.0973041,-0.710727
0.106298,-0.709475
0.115275,-0.708109
0.124235,-0.70663
0.133176,-0.705038
0.14209,-0.703334
0.150984,-0.701518
0.159855,-0.699589
0.168701,-0.697549
0.177519,-0.695399
0.186309,-0.693134
0.195068,-0.690753
0.203795,-0.688262
0.21249,-0.685662
0.221151,-0.682953
0.229778,-0.680135
0.238369,-0.67721
0.246919,-0.674177
0.25544,-0.671037
0.263904,-0.667792
0.272331,-0.664442
0.28072,-0.660985
0.289064,-0.657411
0.297353,-0.653734
0.305597,-0.649954
0.313796,-0.646073
0.321946,-0.642091
0.330045,-0.638009
0.338092,-0.633829
0.346079,-0.629537
0.354011,-0.62514
0.361888,-0.620647
0.369708,-0.616058
0.377469,-0.611376
0.385171,-0.606601
0.392811,-0.601714
0.400389,-0.596729
0.407904,-0.591655
0.41535,-0.586493
0.422729,-0.581246
0.430042,-0.575882
0.437287,-0.570431
0.444464,-0.564898
0.451572,-0.559284
0.458605,-0.553562
0.465562,-0.547752
0.472448,-0.541865
0.479262,-0.535905
0.485996,-0.529826
0.49265,-0.523677
0.499231,-0.51746
0.505731,-0.511142
0.512168,-0.504741
0.518487,-0.498288
0.52474,-0.491737
0.530924,-0.485102
0.537003,-0.478394
0.542997,-0.471614
0.548917,-0.464751
0.554758,-0.457816
0.560483,-0.45081
0.566128,-0.443734
0.571694,-0.436589
0.577176,-0.429367
0.582541,-0.422079
0.58782,-0.414725
0.593012,-0.407305
0.598117,-0.399821
0.603124,-0.392274
0.60802,-0.384665
0.612826,-0.376994
0.617538,-0.369263
0.622158,-0.361473
0.626682,-0.353625
0.631092,-0.345721
0.635401,-0.337763
0.639612,-0.329752
0.643725,-0.321689
0.647739,-0.313578
0.651652,-0.305412
0.655463,-0.297194
0.659159,-0.288932
0.662749,-0.280628
0.666235,-0.272283
0.669618,-0.263881
0.672897,-0.255444
0.676069,-0.246969
0.679136,-0.238455
0.682096,-0.229901
0.684949,-0.221309
0.687691,-0.212683
0.690316,-0.204024
0.692833,-0.195333
0.695241,-0.18661
0.69754,-0.177858
0.699728,-0.169077
0.701807,-0.16027
0.703774,-0.151438
0.70563,-0.142584
0.707375,-0.133703
0.709008,-0.1248
0.710529,-0.11588
0.711938,-0.106942
0.713233,-0.0979869
0.714416,-0.0890159
0.715486,-0.0800305
0.71644,-0.0710313
0.717277,-0.0620214
0.718001,-0.0530023
0.718611,-0.0439748
0.719108,-0.0349401
0.719491,-0.0259003
0.719759,-0.0168561
0.719914,-0.00780951
0.719956,0.00123849
0.719883,0.0102862
0.719696,0.0193323
0.719395,0.0283754
0.71898,0.0374142
0.718452,0.0464469
0.71781,0.0554723
0.717054,0.0644893
0.716185,0.0734951
0.715203,0.0824902
0.714107,0.091472
0.712899,0.100439
0.711577,0.10939
0.710144,0.118324
0.708594,0.127239
0.706929,0.136134
0.705153,0.145009
0.703265,0.153861
0.701265,0.162684
0.699155,0.171484
0.696935,0.180256
0.694605,0.189
0.692165,0.197715
0.689616,0.206398
0.686959,0.215049
0.684193,0.223666
0.681321,0.232245
0.678341,0.240787
0.675242,0.249294
0.672038,0.25776
0.668728,0.266181
0.665313,0.274567
0.661795,0.282911
0.658173,0.291199
0.654449,0.299445
0.650624,0.307647
0.64669,0.315801
0.642645,0.323907
0.6385,0.331954
0.634258,0.339949
0.629917,0.34789
0.625481,0.355778
0.62095,0.363609
0.6163,0.371383
0.611556,0.379098
0.606719,0.386752
0.601792,0.394346
0.596775,0.401877
0.591649,0.409344
0.586425,0.416748
0.581114,0.424086
0.575719,0.43135
0.570236,0.438547
0.564639,0.445676
0.558962,0.452735
0.553207,0.459725
0.547365,0.466638
0.541414,0.473474
0.53539,0.480239
0.529293,0.48693
0.523095,0.493537
0.51681,0.500067
0.510461,0.506504
0.504024,0.512873
0.497492,0.519176
0.490897,0.525375
0.484219,0.531492
0.477462,0.537539
0.470633,0.543499
0.463732,0.549353
0.456749,0.555131
0.449695,0.560831
0.442572,0.566434
0.435379,0.571935
0.428119,0.577354
0.420787,0.582689
0.413386,0.587934
0.40592,0.593063
0.39839,0.598105
0.390797,0.603058
0.383141,0.607919
0.375425,0.612688
0.367648,0.617338
0.359813,0.621894
0.351921,0.626355
0.343973,0.63072
0.335971,0.634988
0.327917,0.639157
0.319811,0.64321
0.311646,0.64716
0.303432,0.65101
0.295173,0.654758
0.28687,0.658403
0.278525,0.661945
0.270121,0.665382
0.26168,0.668715
0.253204,0.671933
0.244678,0.675041
0.236116,0.678042
0.227517,0.680936
0.218883,0.683722
0.210215,0.686399
0.201511,0.688968
0.192774,0.691427
0.184008,0.693775
0.175212,0.696014
0.166389,0.698141
0.157538,0.700157
0.14866,0.702061
0.139759,0.703849
0.130838,0.705522
0.121893,0.707082
0.112931,0.708529
0.10395,0.709863
0.0949532,0.711084
0.0859405,0.712191
0.0769134,0.713184
0.0678743,0.714063
0.0588263,0.714827
0.0497677,0.715477
0.0407006,0.716013
0.0316263,0.716433
0.0225477,0.716739
0.0134652,0.71693
0.0043807,0.717007
-0.00470438,0.716968
-0.0137888,0.716814
-0.0228713,0.716545
-0.0319496,0.716161
-0.0410236,0.715663
-0.0500904,0.715049
-0.0591487,0.714321
-0.0681964,0.713478
-0.0772349,0.712521
-0.0862612,0.711448
-0.0952733,0.710257
-0.10427,0.708952
-0.113249,0.707534
-0.122211,0.706001
-0.131155,0.704356
-0.140074,0.702597
-0.148973,0.700725
-0.157849,0.698741
-0.166699,0.696644
-0.175521,0.694436
-0.184314,0.692117
-0.193079,0.689686
-0.201812,0.687145
-0.210511,0.684495
-0.219177,0.681734
-0.227807,0.678865
-0.236403,0.675885
-0.244961,0.672788
-0.253484,0.669584
-0.261952,0.666272
-0.270386,0.662855
-0.278782,0.659331
-0.287126,0.655703
-0.295421,0.651971
-0.303671,0.648136
-0.311875,0.644198
-0.320029,0.640145
-0.328132,0.635987
-0.336179,0.631729
-0.34417,0.627371
-0.352106,0.622915
-0.359986,0.618363
-0.367808,0.613713
-0.37557,0.608946
-0.383273,0.604084
-0.390914,0.599128
-0.398492,0.594081
-0.406006,0.588944
-0.413451,0.583699
-0.420828,0.578354
-0.428139,0.572923
-0.435382,0.567406
-0.442555,0.561803
-0.44966,0.556085
-0.456684,0.550285
-0.463636,0.544406
-0.470516,0.538446
-0.477323,0.532372
-0.484044,0.526223
-0.490691,0.520004
-0.497263,0.513686
-0.503726,0.507278
-0.510144,0.500805
-0.516462,0.494237
-0.522693,0.487594
-0.528854,0.480877
-0.534934,0.474076
-0.540901,0.467198
-0.546793,0.460249
-0.552607,0.453227
-0.558329,0.446124
-0.563943,0.43895
-0.569475,0.431707
-0.574921,0.424396
-0.580282,0.417017
-0.585527,0.409569
-0.59068,0.40205
-0.595742,0.394468
-0.600714,0.386822
-0.605592,0.379114
-0.61036,0.371344
-0.615025,0.363514
-0.619594,0.355626
-0.624066,0.34768
-0.62844,0.339678
-0.632714,0.331622
-0.636886,0.323513
-0.640941,0.315347
-0.644894,0.307128
-0.648744,0.298861
-0.652491,0.290547
-0.656134,0.28219
-0.659672,0.273786
-0.663103,0.265328
-0.666428,0.256833
-0.669646,0.248304
-0.672745,0.239729
-0.675735,0.231112
-0.678616,0.222458
-0.681388,0.21377
-0.68405,0.205046
-0.686602,0.19629
-0.689042,0.187501
-0.691371,0.178682
-0.693588,0.169833
-0.695692,0.160955
-0.697684,0.152052
-0.699562,0.143124
-0.701327,0.134175
-0.702978,0.125205
-0.704515,0.116212
-0.705937,0.107202
-0.707245,0.0981733
-0.708437,0.0891286
-0.70951,0.0800687
-0.710469,0.0709954
-0.711312,0.0619107
-0.712039,0.0528168
-0.712651,0.0437143
-0.713147,0.0346043
-0.713527,0.0254898
-0.713792,0.0163703
-0.71394,0.00724823
-0.713973,-0.00187509
-0.713889,-0.0109983
-0.713689,-0.0201189
-0.713373,-0.0292369
-0.712942,-0.0383498
-0.712394,-0.0474567
-0.711731,-0.0565561
